xdata ydata 
0.0 0.1840742225584066 
0.0005002501250625312 0.1840472770598012 
0.0010005002501250625 0.18399338805482807 
0.0015007503751875936 0.18391255965758446 
0.002001000500250125 0.18380479836211996 
0.0025012506253126563 0.18367011342671255 
0.003001500750375187 0.1835085173809182 
0.0035017508754377185 0.18332002665088967 
0.00400200100050025 0.18310466229741235 
0.004502251125562781 0.1828624508600899 
0.0050025012506253125 0.18259342530016298 
0.005502751375687844 0.18229762603355462 
0.006003001500750374 0.18197510204491354 
0.006503251625812906 0.18162591207268305 
0.007003501750875437 0.1812501258545653 
0.007503751875937968 0.18084782542217387 
0.0080040020010005 0.18041910643318876 
0.00850425212606303 0.17996407952894805 
0.009004502251125562 0.1794828717051171 
0.009504752376188093 0.17897562768290282 
0.010005002501250625 0.17844251126819055 
0.010505252626313155 0.17788370668600828 
0.011005502751375688 0.17729941987784456 
0.011505752876438218 0.17668987974956954 
0.012006003001500749 0.17605533935803114 
0.01250625312656328 0.17539607702481877 
0.013006503251625811 0.1747123973661915 
0.013506753376688344 0.17400463222876458 
0.014007003501750874 0.17327314152122658 
0.014507253626813406 0.17251831393310837 
0.015007503751875937 0.1717405675324478 
0.015507753876938469 0.17094035023507792 
0.016008004002001 0.17011814013919752 
0.01650825412706353 0.16927444571987457 
0.01700850425212606 0.16840980587914742 
0.017508754377188594 0.16752478984844146 
0.018009004502251125 0.16661999694109417 
0.018509254627313655 0.1656960561538621 
0.019009504752376186 0.16475362561737328 
0.01950975487743872 0.16379339189657544 
0.02001000500250125 0.16281606914329377 
0.02051025512756378 0.16182239810406926 
0.02101050525262631 0.16081314498746285 
0.02151075537768884 0.15978910019599296 
0.022011005502751375 0.15875107692881565 
0.022511255627813906 0.15769990966213984 
0.023011505752876436 0.1566364525152009 
0.023511755877938967 0.155561577510383 
0.024012006003001497 0.15447617273677683 
0.02451225612806403 0.15338114042708417 
0.02501250625312656 0.15227739495833234 
0.025512756378189092 0.1511658607873251 
0.026013006503251623 0.15004747033214477 
0.026513256628314157 0.14892316181132517 
0.027013506753376687 0.14779387705252198 
0.027513756878439218 0.14666055928264762 
0.028014007003501748 0.14552415091147414 
0.02851425712856428 0.14438559132067122 
0.029014507253626812 0.1432458146701217 
0.029514757378689343 0.1421057477331512 
0.030015007503751873 0.14096630777202623 
0.030515257628814404 0.13982840046471515 
0.031015507753876938 0.13869291789348148 
0.03151575787893947 0.13756073660537513 
0.032016008004002 0.1364327157541357 
0.03251625812906453 0.13530969533240278 
0.03301650825412706 0.13419249450246115 
0.03351675837918959 0.13308191003303838 
0.03401700850425212 0.13197871484891746 
0.03451725862931466 0.13088365669934218 
0.03501750875437719 0.1297974569503804 
0.03551775887943972 0.12872080950557532 
0.03601800900450225 0.12765437985836733 
0.03651825912956478 0.1265988042789136 
0.03701850925462731 0.12555468913707138 
0.03751875937968984 0.1245226103624635 
0.03801900950475237 0.12350311304169659 
0.0385192596298149 0.12249671115197958 
0.03901950975487744 0.12150388742958435 
0.03951975987993997 0.12052509337081568 
0.0400200100050025 0.11956074936240996 
0.04052026013006503 0.11861124493757809 
0.04102051025512756 0.1176769391532393 
0.04152076038019009 0.11675816108336981 
0.04202101050525262 0.11585521042282006 
0.04252126063031515 0.11496835819542874 
0.04302151075537768 0.11409784755979481 
0.04352176088044022 0.11324389470565419 
0.04402201100550275 0.11240668983345253 
0.04452226113056528 0.11158639820940724 
0.04502251125562781 0.11078316128811223 
0.04552276138069034 0.10999709789455928 
0.04602301150575287 0.10922830545732573 
0.0465232616308154 0.10847686128461882 
0.047023511755877934 0.1077428238748507 
0.047523761880940464 0.10702623425347779 
0.048024012006002995 0.10632711732792463 
0.04852426213106553 0.10564548325257384 
0.04902451225612806 0.10498132879600085 
0.04952476238119059 0.10433463870286942 
0.05002501250625312 0.10370538704320062 
0.050525262631315654 0.10309353854204631 
0.051025512756378184 0.10249904988295812 
0.051525762881440715 0.10192187097903603 
0.052026013006503245 0.10136194620576143 
0.052526263131565776 0.10081921559025284 
0.05302651325662831 0.10029361595205673 
0.053526763381690844 0.09978508199104873 
0.054027013506753374 0.09929354731852097 
0.054527263631815905 0.09881894542801814 
0.055027513756878435 0.09836121060298972 
0.055527763881940966 0.09792027875881887 
0.056028014007003496 0.09749608821729304 
0.056528264132066026 0.0970885804120565 
0.05702851425712856 0.09669770052407482 
0.057528764382191094 0.09632339804659514 
0.058029014507253625 0.09596562727954107 
0.058529264632316155 0.09562434775370093 
0.059029514757378686 0.09529952458548382 
0.059529764882441216 0.09499112876339227 
0.06003001500750375 0.09469913736772688 
0.06053026513256628 0.09442353372536025 
0.06103051525762881 0.09416430750172919 
0.06153076538269134 0.09392145473246241 
0.062031015507753876 0.09369497779730851 
0.0625312656328164 0.09348488533924128 
0.06303151575787894 0.09329119213180578 
0.06353176588294146 0.09311391889792162 
0.064032016008004 0.092953092083483 
0.06453226613306653 0.09280874358919433 
0.06503251625812906 0.0926809104641426 
0.0655327663831916 0.09256963456465073 
0.06603301650825412 0.09247496218196875 
0.06653326663331666 0.09239694364234854 
0.06703351675837918 0.09233563288301339 
0.06753376688344172 0.09229108700747721 
0.06803401700850424 0.09226336582359485 
0.06853426713356678 0.09225253136762634 
0.06903451725862932 0.09225864741749092 
0.06953476738369184 0.09228177899826069 
0.07003501750875438 0.09232199188280651 
0.0705352676338169 0.09237935209035972 
0.07103551775887944 0.09245392538559646 
0.07153576788394196 0.09254577678068923 
0.0720360180090045 0.0926549700425985 
0.07253626813406702 0.09278156720770749 
0.07303651825912956 0.09292562810572588 
0.0735367683841921 0.09308720989461731 
0.07403701850925462 0.09326636660812984 
0.07453726863431716 0.0934631487173372 
0.07503751875937968 0.09367760270743465 
0.07553776888444222 0.09390977067087056 
0.07603801900950474 0.09415968991773313 
0.07653826913456728 0.0944273926041738 
0.0770385192596298 0.09471290537949434 
0.07753876938469234 0.09501624905239986 
0.07803901950975488 0.09533743827679027 
0.0785392696348174 0.09567648125734722 
0.07903951975987994 0.09603337947506706 
0.07953976988494246 0.09640812743278947 
0.080040020010005 0.09680071242068694 
0.08054027013506752 0.09721111430159426 
0.08104052026013006 0.09763930531599267 
0.08154077038519258 0.09808524990639464 
0.08204102051025512 0.09854890456082686 
0.08254127063531766 0.09903021767505722 
0.08304152076038018 0.09952912943317832 
0.08354177088544272 0.1000455717061218 
0.08404202101050524 0.1005794679676585 
0.08454227113556778 0.10113073322741337 
0.0850425212606303 0.10169927398041434 
0.08554277138569284 0.10228498817268043 
0.08604302151075537 0.10288776518234832 
0.0865432716358179 0.10350748581583773 
0.08704352176088044 0.1041440223185464 
0.08754377188594296 0.10479723839957875 
0.0880440220110055 0.10546698927000496 
0.08854427213606803 0.10615312169415975 
0.08904452226113056 0.1068554740534885 
0.08954477238619309 0.10757387642245964 
0.09004502251125562 0.10830815065606504 
0.09054527263631815 0.10905811048843062 
0.09104552276138068 0.10982356164207369 
0.09154577288644322 0.11060430194733477 
0.09204602301150575 0.11140012147152463 
0.09254627313656828 0.11221080265731911 
0.0930465232616308 0.11303612046994138 
0.09354677338669334 0.11387584255266468 
0.09404702351175587 0.1147297293901706 
0.0945472736368184 0.11559753447928942 
0.09504752376188093 0.11647900450664853 
0.09554777388694347 0.11737387953274976 
0.09604802401200599 0.1182818931819865 
0.09654827413706853 0.11920277283811087 
0.09704852426213106 0.12013623984465292 
0.09754877438719359 0.12108200970978535 
0.09804902451225612 0.12203979231512918 
0.09854927463731865 0.1230092921279833 
0.09904952476238119 0.12399020841646198 
0.09954977488744371 0.12498223546702467 
0.10005002501250625 0.12598506280387478 
0.10055027513756877 0.1269983754097152 
0.10105052526263131 0.12802185394734222 
0.10155077538769385 0.12905517498157648 
0.10205102551275637 0.13009801120102554 
0.1025512756378189 0.131150031639197 
0.10305152576288143 0.13221090189448237 
0.10355177588794397 0.13328028434855926 
0.10405202601300649 0.1343578383827691 
0.10455227613806903 0.13544322059205618 
0.10505252626313155 0.1365360849960761 
0.10555277638819409 0.13763608324710505 
0.10605302651325663 0.1387428648344166 
0.10655327663831915 0.13985607728481672 
0.10705352676338169 0.1409753663590669 
0.10755377688844421 0.14210037624395175 
0.10805402701350675 0.14323074973979222 
0.10855427713856927 0.14436612844323057 
0.10905452726363181 0.14550615292515923 
0.10955477738869433 0.14665046290369455 
0.11005502751375687 0.14779869741213766 
0.11055527763881941 0.14895049496189305 
0.11105552776388193 0.1501054937003599 
0.11155577788894447 0.15126333156382896 
0.11205602801400699 0.15242364642546075 
0.11255627813906953 0.15358607623844153 
0.11305652826413205 0.15475025917443958 
0.11355677838919459 0.15591583375750911 
0.11405702851425711 0.1570824389936032 
0.11455727863931965 0.1582497144958799 
0.11505752876438219 0.15941730060598786 
0.11555777888944471 0.16058483851153788 
0.11605802901450725 0.1617519703599597 
0.11655827913956977 0.16291833936895508 
0.11705852926463231 0.16408358993374728 
0.11755877938969483 0.16524736773132573 
0.11805902951475737 0.1664093198218751 
0.1185592796398199 0.1675690947475638 
0.11905952976488243 0.16872634262885286 
0.11955977988994497 0.16988071525847015 
0.1200600300150075 0.17103186619317215 
0.12056028014007003 0.17217945084339836 
0.12106053026513255 0.1733231265608953 
0.12156078039019509 0.17446255272437353 
0.12206103051525762 0.1755973908232238 
0.12256128064032015 0.17672730453930965 
0.12306153076538268 0.17785195982682084 
0.12356178089044521 0.17897102499015352 
0.12406203101550775 0.18008417075976677 
0.12456228114057027 0.18119107036593984 
0.1250625312656328 0.18229139961034468 
0.12556278139069535 0.1833848369353321 
0.12606303151575787 0.18447106349082176 
0.1265632816408204 0.18554976319867708 
0.12706353176588292 0.18662062281444214 
0.12756378189094547 0.18768333198632353 
0.128064032016008 0.18873758331129267 
0.12856428214107052 0.1897830723882018 
0.12906453226613307 0.19081949786781066 
0.1295647823911956 0.19184656149963641 
0.13006503251625812 0.19286396817555648 
0.13056528264132064 0.19387142597011225 
0.1310655327663832 0.19486864617748675 
0.13156578289144572 0.19585534334514842 
0.13206603301650824 0.19683123530418398 
0.13256628314157076 0.19779604319636812 
0.1330665332666333 0.19874949149804688 
0.13356678339169584 0.19969130804093704 
0.13406703351675836 0.2006212240299763 
0.1345672836418209 0.20153897405838453 
0.13506753376688344 0.20244429612011827 
0.13556778389194596 0.20333693161993172 
0.13606803401700848 0.20421662538127627 
0.13656828414207103 0.20508312565228867 
0.13706853426713356 0.20593618411013512 
0.13756878439219608 0.20677555586399488 
0.13806903451725863 0.20760099945697214 
0.13856928464232116 0.20841227686722874 
0.13906953476738368 0.20920915350864003 
0.1395697848924462 0.2099913982312636 
0.14007003501750875 0.210758783321911 
0.14057028514257128 0.21151108450509715 
0.1410705352676338 0.2122480809446278 
0.14157078539269632 0.2129695552460723 
0.14207103551775888 0.21367529346033687 
0.1425712856428214 0.2143650850885384 
0.14307153576788392 0.2150387230883445 
0.14357178589294647 0.21569600388191765 
0.144072036018009 0.21633672736557064 
0.14457228614307152 0.21696069692120495 
0.14507253626813404 0.21756771942957115 
0.1455727863931966 0.21815760528535905 
0.14607303651825912 0.2187301684140868 
0.14657328664332164 0.21928522629072947 
0.1470735367683842 0.21982259995999948 
0.14757378689344672 0.22034211405815515 
0.14807403701850924 0.22084359683619736 
0.14857428714357176 0.22132688018428204 
0.14907453726863432 0.22179179965716705 
0.14957478739369684 0.22223819450048785 
0.15007503751875936 0.22266590767765135 
0.1505752876438219 0.22307478589712937 
0.15107553776888444 0.2234646796399262 
0.15157578789394696 0.22383544318700777 
0.15207603801900949 0.22418693464647405 
0.15257628814407204 0.2245190159802778 
0.15307653826913456 0.22483155303030422 
0.15357678839419708 0.22512441554364318 
0.1540770385192596 0.22539747719691666 
0.15457728864432216 0.22565061561954183 
0.15507753876938468 0.2258837124158452 
0.1555777888944472 0.2260966531859744 
0.15607803901950976 0.2262893275455841 
0.15657828914457228 0.22646162914431292 
0.1570785392696348 0.22661345568309982 
0.15757878939469733 0.22674470893042228 
0.15807903951975988 0.22685529473758084 
0.1585792896448224 0.22694512305317913 
0.15907953976988493 0.2270141079369868 
0.15957978989494745 0.227062167573401 
0.16008004002001 0.22708922428474862 
0.16058029014507252 0.22709520454469373 
0.16108054027013505 0.22708003899204107 
0.1615807903951976 0.2270436624452326 
0.16208104052026012 0.22698601391785897 
0.16258129064532265 0.22690703663550196 
0.16308154077038517 0.22680667805424246 
0.16358179089544772 0.2266848898811519 
0.16408204102051024 0.22654162809709277 
0.16458229114557277 0.22637685298213692 
0.16508254127063532 0.22619052914389823 
0.16558279139569784 0.2259826255490609 
0.16608304152076037 0.22575311555835895 
0.1665832916458229 0.22550197696524527 
0.16708354177088544 0.2252291920384546 
0.16758379189594796 0.22493474756864118 
0.1680840420210105 0.22461863491924167 
0.168584292146073 0.22428085008167686 
0.16908454227113556 0.22392139373498038 
0.1695847923961981 0.22354027130990872 
0.1700850425212606 0.2231374930575514 
0.17058529264632316 0.2227130741224387 
0.17108554277138568 0.22226703462010378 
0.1715857928964482 0.22179939971904297 
0.17208604302151073 0.22131019972698196 
0.17258629314657328 0.22079947018134238 
0.1730865432716358 0.22026725194378055 
0.17358679339669833 0.2197135912986593 
0.17408704352176088 0.21913854005529612 
0.1745872936468234 0.218542155653833 
0.17508754377188593 0.21792450127455693 
0.17558779389694845 0.21728564595051178 
0.176088044022011 0.21662566468323424 
0.17658829414707353 0.21594463856146157 
0.17708854427213605 0.2152426548826584 
0.17758879439719857 0.21451980727723186 
0.17808904452226113 0.21377619583530683 
0.17858929464732365 0.2130119272359572 
0.17908954477238617 0.21222711487880003 
0.17958979489744872 0.21142187901787785 
0.18009004502251125 0.21059634689777376 
0.18059029514757377 0.2097506528919181 
0.1810905452726363 0.20888493864306112 
0.18159079539769885 0.2079993532059035 
0.18209104552276137 0.20709405319188676 
0.1825912956478239 0.20616920291615312 
0.18309154577288644 0.2052249745466962 
0.18359179589794897 0.20426154825572337 
0.1840920460230115 0.20327911237324833 
0.18459229614807401 0.20227786354293578 
0.18509254627313657 0.20125800688019663 
0.1855927963981991 0.20021975613253587 
0.1860930465232616 0.19916333384211835 
0.18659329664832414 0.19808897151050867 
0.1870935467733867 0.19699690976550346 
0.1875937968984492 0.19588739852994716 
0.18809404702351173 0.19476069719237873 
0.18859429714857429 0.19361707477932028 
0.1890945472736368 0.19245681012896967 
0.18959479739869933 0.19128019206600744 
0.19009504752376186 0.19008751957717906 
0.1905952976488244 0.1888791019872558 
0.19109554777388693 0.1876552591349179 
0.19159579789894945 0.18641632154804663 
0.19209604802401198 0.1851626306178476 
0.19259629814907453 0.1838945387711711 
0.19309654827413705 0.1826124096403262 
0.19359679839919958 0.18131661822963316 
0.19409704852426213 0.18000755107789146 
0.19459729864932465 0.17868560641589132 
0.19509754877438718 0.17735119431803364 
0.1955977988994497 0.17600473684707757 
0.19609804902451225 0.17464666819098568 
0.19659829914957477 0.17327743479079047 
0.1970985492746373 0.1718974954583711 
0.19759879939969985 0.17050732148299075 
0.19809904952476237 0.16910739672542133 
0.1985992996498249 0.16769821769845591 
0.19909954977488742 0.1662802936325952 
0.19959979989994997 0.16485414652568375 
0.2001000500250125 0.16342031117526706 
0.20060030015007502 0.16197933519244748 
0.20110055027513754 0.1605317789960191 
0.2016008004002001 0.1590782157856903 
0.20210105052526262 0.15761923149321436 
0.20260130065032514 0.15615542471028487 
0.2031015507753877 0.15468740659208924 
0.2036018009004502 0.15321580073545563 
0.20410205102551274 0.15174124303057498 
0.20460230115057526 0.15026438148534157 
0.2051025512756378 0.14878587602141127 
0.20560280140070034 0.14730639824114455 
0.20610305152576286 0.1458266311646744 
0.2066033016508254 0.14434726893641295 
0.20710355177588793 0.14286901650039627 
0.20760380190095046 0.1413925892439462 
0.20810405202601298 0.1399187126092266 
0.20860430215107553 0.1384481216723494 
0.20910455227613806 0.13698156068980005 
0.20960480240120058 0.13551978261203687 
0.2101050525262631 0.1340635485642257 
0.21060530265132565 0.13261362729417642 
0.21110555277638818 0.13117079458764846 
0.2116058029014507 0.12973583265130673 
0.21210605302651325 0.1283095294637083 
0.21260630315157578 0.1268926780948187 
0.2131065532766383 0.12548607599465864 
0.21360680340170082 0.12409052425179799 
0.21410705352676337 0.12270682682251587 
0.2146073036518259 0.12133578973156538 
0.21510755377688842 0.1199782202455788 
0.21560780390195097 0.11863492602026518 
0.2161080540270135 0.11730671422265289 
0.21660830415207602 0.11599439062973765 
0.21710855427713854 0.11469875870499675 
0.2176088044022011 0.11342061865433001 
0.21810905452726362 0.11216076646308688 
0.21860930465232614 0.11091999291593398 
0.21910955477738867 0.10969908260140543 
0.21960980490245122 0.10849881290306891 
0.22011005502751374 0.1073199529793231 
0.22061030515257626 0.10616326273392121 
0.22111055527763882 0.10502949177938888 
0.22161080540270134 0.10391937839557902 
0.22211105552776386 0.1028336484856626 
0.22261130565282639 0.10177301453192372 
0.22311155577788894 0.10073817455376868 
0.22361180590295146 0.09972981107041676 
0.22411205602801398 0.09874859007077183 
0.22461230615307654 0.09779515999301187 
0.22511255627813906 0.09687015071645642 
0.22561280640320158 0.09597417256829462 
0.2261130565282641 0.09510781534776216 
0.22661330665332666 0.0942716473703616 
0.22711355677838918 0.09346621453471352 
0.2276138069034517 0.09269203941461189 
0.22811405702851423 0.09194962037883435 
0.22861430715357678 0.091239430741225 
0.2291145572786393 0.0905619179435281 
0.22961480740370183 0.08991750277340073 
0.23011505752876438 0.08930657861996905 
0.2306153076538269 0.08872951076923116 
0.23111555777888942 0.0881866357415245 
0.23161580790395195 0.08767826067319137 
0.2321160580290145 0.0872046627444796 
0.23261630815407702 0.08676608865560766 
0.23311655827913955 0.08636275415280903 
0.2336168084042021 0.08599484360604921 
0.23411705852926462 0.08566250963997117 
0.23461730865432714 0.0853658728194884 
0.23511755877938967 0.08510502139129868 
0.23561780890445222 0.08488001108242707 
0.23611805902951474 0.0846908649567531 
0.23661830915457727 0.08453757333030364 
0.2371185592796398 0.0844200937459171 
0.23761880940470234 0.08433835100770905 
0.23811905952976486 0.08429223727557832 
0.2386193096548274 0.08428161221981131 
0.23911955977988994 0.08430630323564717 
0.23961980990495246 0.08436610571747435 
0.240120060030015 0.08446078339213733 
0.2406203101550775 0.08459006871063353 
0.24112056028014006 0.08475366329729389 
0.24162081040520259 0.08495123845534312 
0.2421210605302651 0.08518243572755103 
0.24262131065532766 0.0854468675104984 
0.24312156078039018 0.08574411772080731 
0.2436218109054527 0.08607374251150252 
0.24412206103051523 0.08643527103651354 
0.24462231115557778 0.08682820626116207 
0.2451225612806403 0.0872520258163307 
0.24562281140570283 0.08770618289387055 
0.24612306153076535 0.088190107180673 
0.2466233116558279 0.0887032058287174 
0.24712356178089043 0.08924486445829269 
0.24762381190595295 0.0898144481915097 
0.2481240620310155 0.09041130271312953 
0.24862431215607803 0.09103475535567664 
0.24912456228114055 0.09168411620574991 
0.24962481240620307 0.0923586792284112 
0.2501250625312656 0.09305772340650459 
0.25062531265632815 0.09378051389176081 
0.2511255627813907 0.09452630316454042 
0.2516258129064532 0.09529433219909829 
0.25212606303151575 0.09608383163128832 
0.2526263131565783 0.09689402292567584 
0.2531265632816408 0.09772411953909126 
0.25362681340670334 0.09857332807773905 
0.25412706353176584 0.09944084944506 
0.2546273136568284 0.10032587997765252 
0.25512756378189094 0.10122761256666586 
0.25562781390695344 0.10214523776220043 
0.256128064032016 0.10307794485838238 
0.25662831415707854 0.10402492295691684 
0.25712856428214104 0.10498536200706142 
0.2576288144072036 0.1059584538201239 
0.25812906453226614 0.10694339305672629 
0.25862931465732864 0.10793937818524245 
0.2591295647823912 0.10894561240997497 
0.2596298149074537 0.10996130456778627 
0.26013006503251623 0.11098566999206659 
0.2606303151575788 0.11201793134307238 
0.2611305652826413 0.1130573194038208 
0.26163081540770383 0.11410307384088218 
0.2621310655327664 0.11515444392954888 
0.2626313156578289 0.1162106892430071 
0.26313156578289143 0.11727108030526824 
0.263631815907954 0.11833489920774588 
0.2641320660330165 0.11940144018948311 
0.26463231615807903 0.12047001018115225 
0.2651325662831415 0.12153992931305117 
0.2656328164082041 0.12261053138741902 
0.2661330665332666 0.1236811643154871 
0.2666333166583291 0.12475119051975656 
0.2671335667833917 0.12581998730207525 
0.2676338169084542 0.12688694717814794 
0.2681340670335167 0.12795147817917374 
0.26863431715857927 0.1290130041213589 
0.2691345672836418 0.13007096484409422 
0.2696348174087043 0.1311248164176278 
0.27013506753376687 0.13217403132109645 
0.2706353176588294 0.13321809859180583 
0.2711355677838919 0.13425652394667187 
0.27163581790895447 0.13528882987675508 
0.27213606803401696 0.13631455571583562 
0.2726363181590795 0.13733325768398244 
0.27313656828414207 0.1383445089070885 
0.27363681840920456 0.13934789941333786 
0.2741370685342671 0.14034303610758625 
0.27463731865932967 0.14132954272462966 
0.27513756878439216 0.14230705976234742 
0.2756378189094547 0.1432752443956927 
0.27613806903451726 0.14423377037251994 
0.27663831915957976 0.14518232789221985 
0.2771385692846423 0.14612062346814833 
0.2776388194097048 0.14704837977481802 
0.27813906953476736 0.14796533548082985 
0.2786393196598299 0.14887124506851346 
0.2791395697848924 0.14976587864124088 
0.27963981990995496 0.15064902171937544 
0.2801400700350175 0.15152047502581115 
0.28064032016008 0.1523800542620463 
0.28114057028514255 0.15322758987573357 
0.2816408204102051 0.1540629268206321 
0.2821410705352676 0.15488592430987397 
0.28264132066033015 0.15569645556344794 
0.28314157078539265 0.1564944075507793 
0.2836418209104552 0.15727968072926826 
0.28414207103551775 0.15805218877962443 
0.28464232116058025 0.15881185833880843 
0.2851425712856428 0.15955862873136356 
0.28564282141070535 0.16029245169988837 
0.28614307153576785 0.16101329113536034 
0.2866433216608304 0.1617211228079921 
0.28714357178589295 0.16241593409924834 
0.28764382191095544 0.1630977237356168 
0.288144072036018 0.16376650152467417 
0.28864432216108055 0.16442228809394235 
0.28914457228614304 0.1650651146329751 
0.2896448224112056 0.16569502263906818 
0.2901450725362681 0.16631206366692822 
0.29064532266133064 0.16691629908258232 
0.2911455727863932 0.16750779982175792 
0.2916458229114557 0.1680866461529048 
0.29214607303651824 0.16865292744498353 
0.2926463231615808 0.16920674194008364 
0.2931465732866433 0.16974819653089518 
0.29364682341170584 0.17027740654300194 
0.2941470735367684 0.17079449552192136 
0.2946473236618309 0.171299595024776 
0.29514757378689344 0.17179284441644133 
0.29564782391195593 0.1722743906699784 
0.2961480740370185 0.17274438817113488 
0.29664832416208103 0.1732029985266652 
0.29714857428714353 0.1736503903762029 
0.2976488244122061 0.1740867392074012 
0.29814907453726863 0.17451222717404447 
0.29864932466233113 0.17492704291682587 
0.2991495747873937 0.17533138138648316 
0.29964982491245623 0.1757254436689881 
0.3001500750375187 0.17610943681248423 
0.3006503251625813 0.17648357365568795 
0.3011505752876438 0.17684807265746838 
0.3016508254127063 0.17720315772734607 
0.3021510755377689 0.17754905805666846 
0.30265132566283137 0.17788600795023607 
0.3031515757878939 0.17821424665818486 
0.3036518259129565 0.17853401820794992 
0.30415207603801897 0.17884557123615807 
0.3046523261630815 0.1791491588203347 
0.3051525762881441 0.17944503831032302 
0.30565282641320657 0.17973347115935068 
0.3061530765382691 0.1800147227546957 
0.30665332666333167 0.18028906224793628 
0.30715357678839417 0.18055676238478233 
0.3076538269134567 0.18081809933451487 
0.3081540770385192 0.18107335251907367 
0.30865432716358177 0.1813228044418531 
0.3091545772886443 0.18156674051627653 
0.3096548274137068 0.18180544889423325 
0.31015507753876936 0.18203922029447264 
0.3106553276638319 0.1822683478310512 
0.3111555777888944 0.1824931268419378 
0.31165582791395696 0.18271385471787943 
0.3121560780390195 0.18293083073163305 
0.312656328164082 0.18314435586765948 
0.31315657828914456 0.1833547326523813 
0.31365682841420706 0.18356226498508785 
0.3141570785392696 0.1837672579695737 
0.31465732866433216 0.18397001774658203 
0.31515757878939465 0.18417085132711625 
0.3156578289144572 0.18437006642667803 
0.31615807903951976 0.18456797130047092 
0.31665832916458225 0.18476487457961163 
0.3171585792896448 0.18496108510837114 
0.31765882941470736 0.1851569117824656 
0.31815907953976985 0.1853526633884122 
0.3186593296648324 0.1855486484439506 
0.3191595797898949 0.18574517503953814 
0.31965982991495745 0.1859425506809138 
0.32016008004002 0.18614108213273275 
0.3206603301650825 0.18634107526326985 
0.32116058029014505 0.1865428348901959 
0.3216608304152076 0.18674666462743034 
0.3221610805402701 0.18695286673309064 
0.32266133066533265 0.18716174195855098 
0.3231615807903952 0.18737358939865048 
0.3236618309154577 0.18758870634308558 
0.32416208104052024 0.1878073881290453 
0.32466233116558274 0.188029927995156 
0.3251625812906453 0.18825661693681714 
0.32566283141570784 0.18848774356302456 
0.32616308154077034 0.18872359395479454 
0.3266633316658329 0.18896445152531316 
0.32716358179089544 0.18921059688195574 
0.32766383191595794 0.18946230769033218 
0.3281640820410205 0.189719858540529 
0.32866433216608304 0.1899835208157353 
0.32916458229114554 0.19025356256344716 
0.3296648324162081 0.19053024836946134 
0.33016508254127064 0.1908138392348777 
0.33066533266633313 0.1911045924563351 
0.3311655827913957 0.1914027615097215 
0.3316658329164582 0.1917085959375924 
0.33216608304152073 0.19202234124054787 
0.3326663331665833 0.19234423877281415 
0.3331665832916458 0.1926745256422756 
0.33366683341670833 0.19301343461521064 
0.3341670835417709 0.19336119402597116 
0.3346673336668334 0.19371802769185345 
0.33516758379189593 0.19408415483339414 
0.3356678339169585 0.19445979000032776 
0.336168084042021 0.19484514300342792 
0.3366683341670835 0.19524041885245016 
0.337168584292146 0.19564581770039166 
0.3376688344172086 0.1960615347942611 
0.3381690845422711 0.19648776043255867 
0.3386693346673336 0.19692467992964333 
0.3391695847923962 0.19737247358716892 
0.3396698349174587 0.1978313166727472 
0.3401700850425212 0.19830137940599973 
0.34067033516758377 0.1987828269521477 
0.3411705852926463 0.19927581942327768 
0.3416708354177088 0.1997805118874209 
0.34217108554277137 0.20029705438557344 
0.34267133566783387 0.2008255919567776 
0.3431715857928964 0.20136626467138513 
0.34367183591795897 0.20191920767261196 
0.34417208604302146 0.20248455122649642 
0.344672336168084 0.2030624207803653 
0.34517258629314657 0.2036529370299117 
0.34567283641820906 0.20425621599498386 
0.3461730865432716 0.20487236910418807 
0.34667333666833416 0.2055015032883961 
0.34717358679339666 0.2061437210832545 
0.3476738369184592 0.20679912074078619 
0.34817408704352176 0.2074677963501718 
0.34867433716858426 0.20814983796779232 
0.3491745872936468 0.20884533175661113 
0.3496748374187093 0.2095543601349703 
0.35017508754377186 0.21027700193485413 
0.3506753376688344 0.2110133325696816 
0.3511755877938969 0.21176342421165953 
0.35167583791895946 0.2125273459787247 
0.352176088044022 0.21330516413107967 
0.3526763381690845 0.21409694227730747 
0.35317658829414705 0.21490274159002878 
0.3536768384192096 0.21572262103103657 
0.3541770885442721 0.21655663758580979 
0.35467733866933465 0.21740484650727998 
0.35517758879439715 0.2182673015686815 
0.3556778389194597 0.21914405532527328 
0.35617808904452225 0.22003515938468252 
0.35667833916958475 0.22094066468555768 
0.3571785892946473 0.22186062178418017 
0.35767883941970985 0.22279508114861143 
0.35817908954477234 0.22374409345990473 
0.3586793396698349 0.22470770991983718 
0.35917958979489745 0.22568598256455666 
0.35967983991995994 0.2266789645834605 
0.3601800900450225 0.22768671064256019 
0.360680340170085 0.22870927721150303 
0.36118059029514754 0.22974672289334572 
0.3616808404202101 0.2307991087561077 
0.3621810905452726 0.23186649866503678 
0.36268134067033514 0.23294895961445927 
0.3631815907953977 0.2340465620579997 
0.3636818409204602 0.23515938023588046 
0.36418209104552274 0.2362874924979452 
0.3646823411705853 0.23743098162097453 
0.3651825912956478 0.23858993511879648 
0.36568284142071034 0.2397644455436405 
0.3661830915457729 0.24095461077712046 
0.3666833416708354 0.2421605343091877 
0.36718359179589793 0.24338232550335806 
0.36768384192096043 0.24462009984647337 
0.368184092046023 0.24587397918125056 
0.36868434217108553 0.24714409191983933 
0.36918459229614803 0.24843057323662437 
0.3696848424212106 0.2497335652385007 
0.37018509254627313 0.25105321711088596 
0.3706853426713356 0.2523896852377476 
0.3711855927963982 0.25374313329398707 
0.37168584292146073 0.25511373230857065 
0.3721860930465232 0.25650166069686076 
0.3726863431715858 0.2579071042607074 
0.3731865932966483 0.2593302561549335 
0.3736868434217108 0.260771316818973 
0.3741870935467734 0.26223049387253805 
0.37468734367183587 0.26370800197432887 
0.3751875937968984 0.2652040626429429 
0.375687843921961 0.2667189040393011 
0.37618809404702347 0.26825276071007426 
0.376688344172086 0.2698058732917677 
0.37718859429714857 0.27137848817530713 
0.37768884442221107 0.2729708571311572 
0.3781890945472736 0.2745832368951975 
0.3786893446723361 0.27621588871578656 
0.37918959479739867 0.27786907786262754 
0.3796898449224612 0.27954307309827386 
0.3801900950475237 0.28123814611328546 
0.38069034517258626 0.28295457092626347 
0.3811905952976488 0.2846926232501731 
0.3816908454227113 0.2864525798265412 
0.38219109554777386 0.288234717729314 
0.3826913456728364 0.2900393136402988 
0.3831915957978989 0.2918666430982918 
0.38369184592296146 0.2937169797241243 
0.38419209604802396 0.29559059442399066 
0.3846923461730865 0.29748775457353765 
0.38519259629814906 0.2994087231852881 
0.38569284642321155 0.30135375806204917 
0.3861930965482741 0.3033231109390273 
0.38669334667333666 0.3053170266173997 
0.38719359679839915 0.3073357420921294 
0.3876938469234617 0.3093794856768101 
0.38819409704852426 0.3114484761283135 
0.38869434717358675 0.31354292177397824 
0.3891945972986493 0.3156630196440359 
0.38969484742371185 0.3178089546118915 
0.39019509754877435 0.31998089854479755 
0.3906953476738369 0.3221790094673663 
0.3911955977988994 0.32440343074023437 
0.39169584792396195 0.32665429025608705 
0.3921960980490245 0.32893169965510316 
0.392696348174087 0.3312357535617285 
0.39319659829914955 0.33356652884454824 
0.3936968484242121 0.3359240839008533 
0.3941970985492746 0.33830845796734255 
0.39469734867433715 0.3407196704582382 
0.3951975987993997 0.3431577203319213 
0.3956978489244622 0.3456225854870431 
0.39619809904952474 0.3481142221889036 
0.39669834917458724 0.3506325645267465 
0.3971985992996498 0.3531775239024711 
0.39769884942471234 0.35574898855113485 
0.39819909954977484 0.3583468230935025 
0.3986993496748374 0.36097086812078344 
0.39919959979989994 0.36362093981161825 
0.39969984992496244 0.36629682958127957 
0.400200100050025 0.36899830376301207 
0.40070035017508754 0.37172510332137443 
0.40120060030015003 0.37447694359742106 
0.4017008504252126 0.3772535140855512 
0.4022011005502751 0.38005447824185656 
0.40270135067533763 0.38287947332380995 
0.4032016008004002 0.3857281102611841 
0.4037018509254627 0.3885999735581241 
0.40420210105052523 0.39149462122636697 
0.4047023511755878 0.3944115847496737 
0.4052026013006503 0.3973503690796088 
0.40570285142571283 0.40031045266290866 
0.4062031015507754 0.4032912875007636 
0.4067033516758379 0.40629229924043697 
0.4072036018009004 0.40931288729975257 
0.407703851925963 0.4123524250250788 
0.4082041020510255 0.4154102598835204 
0.408704352176088 0.41848571369015214 
0.4092046023011505 0.4215780828711703 
0.4097048524262131 0.42468663876395346 
0.4102051025512756 0.42781062795505215 
0.4107053526763381 0.43094927265719457 
0.41120560280140067 0.43410177112642107 
0.4117058529264632 0.4372672981204754 
0.4122061030515257 0.4404450053995717 
0.41270635317658827 0.44363402227063664 
0.4132066033016508 0.44683345617607967 
0.4137068534267133 0.45004239332806545 
0.41420710355177587 0.45325989938918315 
0.41470735367683836 0.4564850202002883 
0.4152076038019009 0.459716782556148 
0.41570785392696347 0.4629541950293713 
0.41620810405202596 0.4661962488429198 
0.4167083541770885 0.4694419187912859 
0.41720860430215106 0.4726901642102163 
0.41770885442721356 0.4759399299946024 
0.4182091045522761 0.479190147663915 
0.41870935467733866 0.48243973647429256 
0.41920960480240116 0.48568760457608956 
0.4197098549274637 0.4889326502154282 
0.4202101050525262 0.4921737629779826 
0.42071035517758876 0.4954098250729185 
0.4212106053026513 0.4986397126546275 
0.4217108554277138 0.5018622971795736 
0.42221110555277636 0.5050764467952988 
0.4227113556778389 0.50828102775832 
0.4232116058029014 0.5114749058774012 
0.42371185592796395 0.5146569479784133 
0.4242121060530265 0.5178260233867482 
0.424712356178089 0.5209810054230414 
0.42521260630315155 0.5241207729077481 
0.4257128564282141 0.5272442116699573 
0.4262131065532766 0.5303502160556688 
0.42671335667833915 0.5334376904306516 
0.42721360680340165 0.536505550672918 
0.4277138569284642 0.5395527256497858 
0.42821410705352675 0.5425781586745029 
0.42871435717858924 0.5455808089373997 
0.4292146073036518 0.548559652906618 
0.42971485742871435 0.5515136856935259 
0.43021510755377684 0.5544419223780634 
0.4307153576788394 0.557343399289429 
0.43121560780390195 0.5602171752376937 
0.43171585792896444 0.563062332692154 
0.432216108054027 0.565877978902513 
0.4327163581790895 0.5686632469592166 
0.43321660830415204 0.5714172967896362 
0.4337168584292146 0.5741393160870745 
0.4342171085542771 0.5768285211699555 
0.43471735867933964 0.5794841577689224 
0.4352176088044022 0.5821055017399576 
0.4357178589294647 0.5846918597020362 
0.43621810905452724 0.5872425695982398 
0.4367183591795898 0.5897570011796679 
0.4372186093046523 0.5922345564118968 
0.43771885942971483 0.5946746698041554 
0.43821910955477733 0.5970768086617921 
0.4387193596798399 0.5994404732630088 
0.43921960980490243 0.6017651969612189 
0.43971985992996493 0.6040505462147648 
0.4402201100550275 0.6062961205460813 
0.44072036018009003 0.6085015524327166 
0.4412206103051525 0.6106665071329446 
0.4417208604302151 0.6127906824489583 
0.44222111055527763 0.6148738084309235 
0.4427213606803401 0.6169156470253524 
0.4432216108054027 0.6189159916714859 
0.44372186093046523 0.6208746668495013 
0.4442221110555277 0.622791527584508 
0.4447223611805903 0.624666458910374 
0.44522261130565277 0.626499375297482 
0.4457228614307153 0.6282902200485384 
0.4462231115557779 0.6300389646665513 
0.44672336168084037 0.6317456081990414 
0.4472236118059029 0.6334101765624846 
0.44772386193096547 0.6350327218508696 
0.44822411205602797 0.6366133216321288 
0.4487243621810905 0.6381520782360448 
0.44922461230615307 0.6396491180370375 
0.44972486243121557 0.6411045907350498 
0.4502251125562781 0.6425186686375123 
0.4507253626813406 0.6438915459451396 
0.45122561280640316 0.6452234380440486 
0.4517258629314657 0.6465145808064332 
0.4522261130565282 0.6477652299017512 
0.45272636318159076 0.6489756601201122 
0.4532266133066533 0.6501461647092756 
0.4537268634317158 0.6512770547263783 
0.45422711355677836 0.6523686584052703 
0.4547273636818409 0.6534213205400288 
0.4552276138069034 0.65443540188501 
0.45572786393196596 0.655411278571504 
0.45622811405702846 0.656349341540875 
0.456728364182091 0.6572499959938042 
0.45722861430715356 0.6581136608550964 
0.45772886443221605 0.658940768253293 
0.4582291145572786 0.6597317630141937 
0.45872936468234116 0.660487102167247 
0.45922961480740365 0.6612072544636289 
0.4597298649324662 0.6618926999047624 
0.46023011505752875 0.6625439292799254 
0.46073036518259125 0.66316144371155 
0.4612306153076538 0.6637457542067934 
0.4617308654327163 0.6642973812139248 
0.46223111555777885 0.6648168541821047 
0.4627313656828414 0.6653047111231406 
0.4632316158079039 0.6657614981738647 
0.46373186593296645 0.6661877691578252 
0.464232116058029 0.666584085145076 
0.4647323661830915 0.6669510140089349 
0.46523261630815405 0.667289129978674 
0.4657328664332166 0.6675990131872481 
0.4662331165582791 0.6678812492132635 
0.46673336668334164 0.6681364286165306 
0.4672336168084042 0.6683651464666952 
0.4677338669334667 0.6685680018645562 
0.46823411705852924 0.6687455974558485 
0.46873436718359174 0.6688985389373909 
0.4692346173086543 0.669027434555655 
0.46973486743371684 0.6691328945979511 
0.47023511755877934 0.6692155308765475 
0.4707353676838419 0.6692759562061897 
0.47123561780890444 0.6693147838756004 
0.47173586793396693 0.6693326271136527 
0.4722361180590295 0.6693300985510282 
0.47273636818409204 0.6693078096782671 
0.47323661830915453 0.6692663703012006 
0.4737368684342171 0.6692063879948458 
0.4742371185592796 0.669128467556895 
0.47473736868434213 0.6690332104620185 
0.4752376188094047 0.6689212143182155 
0.4757378689344672 0.6687930723264958 
0.47623811905952973 0.6686493727452131 
0.4767383691845923 0.6684906983603663 
0.4772386193096548 0.6683176259631971 
0.47773886943471733 0.6681307258364133 
0.4782391195597799 0.6679305612503399 
0.4787393696848424 0.6677176879702932 
0.4792396198099049 0.6674926537764208 
0.4797398699349674 0.6672559979972305 
0.48024012006003 0.6670082510579777 
0.4807403701850925 0.6667499340450148 
0.481240620310155 0.666481558287178 
0.48174087043521757 0.6662036249551888 
0.4822411205602801 0.6659166246800078 
0.4827413706853426 0.6656210371909862 
0.48324162081040517 0.6653173309746022 
0.4837418709354677 0.6650059629544782 
0.4842421210605302 0.6646873781933059 
0.48474237118559277 0.6643620096172169 
0.4852426213106553 0.6640302777630658 
0.4857428714357178 0.6636925905489947 
0.48624312156078037 0.6633493430685853 
0.48674337168584286 0.6630009174088046 
0.4872436218109054 0.6626476824918778 
0.48774387193596797 0.6622899939411471 
0.48824412206103046 0.6619281939708828 
0.488744372186093 0.6615626112999448 
0.48924462231115556 0.6611935610891164 
0.48974487243621806 0.6608213449018535 
0.4902451225612806 0.6604462506881307 
0.49074537268634316 0.6600685527909774 
0.49124562281140566 0.6596885119752571 
0.4917458729364682 0.6593063754781484 
0.4922461230615307 0.6589223770807513 
0.49274637318659326 0.6585367372001656 
0.4932466233116558 0.6581496630013313 
0.4937468734367183 0.6577613485278859 
0.49424712356178085 0.6573719748512148 
0.4947473736868434 0.6569817102368453 
0.4952476238119059 0.6565907103272797 
0.49574787393696845 0.6561991183403197 
0.496248124062031 0.6558070652819008 
0.4967483741870935 0.6554146701724178 
0.49724862431215605 0.6550220402854819 
0.49774887443721855 0.6546292713980344 
0.4982491245622811 0.6542364480507022 
0.49874937468734365 0.6538436438172732 
0.49924962481240615 0.6534509215821233 
0.4997498749374687 0.6530583338244477 
0.5002501250625312 0.6526659229081037 
0.5007503751875938 0.6522737213758852 
0.5012506253126563 0.6518817522470238 
0.5017508754377188 0.6514900293167442 
0.5022511255627814 0.6510985574566568 
0.5027513756878439 0.6507073329148223 
0.5032516258129064 0.650316343614307 
0.503751875937969 0.6499255694490679 
0.5042521260630315 0.6495349825760326 
0.504752376188094 0.6491445477022556 
0.5052526263131566 0.6487542223660624 
0.5057528764382191 0.6483639572111279 
0.5062531265632816 0.6479736962524686 
0.5067533766883441 0.6475833771333709 
0.5072536268134067 0.6471929313723324 
0.5077538769384692 0.6468022845991229 
0.5082541270635317 0.6464113567791594 
0.5087543771885943 0.6460200624254202 
0.5092546273136568 0.6456283107972075 
0.5097548774387193 0.6452360060851328 
0.5102551275637819 0.6448430475817718 
0.5107553776888444 0.6444493298375242 
0.5112556278139069 0.6440547428012855 
0.5117558779389695 0.6436591719456404 
0.512256128064032 0.6432624983763688 
0.5127563781890945 0.6428645989261652 
0.5132566283141571 0.642465346232553 
0.5137568784392196 0.6420646088001055 
0.5142571285642821 0.6416622510471657 
0.5147573786893447 0.6412581333373868 
0.5152576288144072 0.6408521119965093 
0.5157578789394697 0.6404440393149142 
0.5162581290645323 0.6400337635366024 
0.5167583791895948 0.6396211288353473 
0.5172586293146573 0.639205975278909 
0.5177588794397199 0.6387881387822689 
0.5182591295647824 0.6383674510509838 
0.5187593796898449 0.6379437395158415 
0.5192596298149074 0.6375168272600967 
0.51975987993997 0.6370865329406734 
0.5202601300650325 0.6366526707047839 
0.520760380190095 0.6362150501035077 
0.5212606303151576 0.6357734760039346 
0.5217608804402201 0.6353277485015381 
0.5222611305652826 0.6348776628344792 
0.5227613806903452 0.6344230093016054 
0.5232616308154077 0.633963573185893 
0.5237618809404702 0.633499134685129 
0.5242621310655328 0.6330294688515959 
0.5247623811905953 0.6325543455425113 
0.5252626313156578 0.632073529382949 
0.5257628814407204 0.6315867797429016 
0.5262631315657829 0.6310938507300841 
0.5267633816908454 0.6305944912000041 
0.527263631815908 0.6300884447847047 
0.5277638819409705 0.6295754499414971 
0.528264132066033 0.6290552400228464 
0.5287643821910956 0.6285275433684478 
0.5292646323161581 0.6279920834203657 
0.5297648824412206 0.6274485788619325 
0.530265132566283 0.6268967437809361 
0.5307653826913457 0.6263362878574186 
0.5312656328164082 0.625766916576219 
0.5317658829414706 0.625188331464181 
0.5322661330665333 0.6246002303517368 
0.5327663831915957 0.6240023076583642 
0.5332666333166582 0.6233942547012008 
0.5337668834417209 0.6227757600258791 
0.5342671335667833 0.6221465097584516 
0.5347673836918458 0.6215061879770568 
0.5352676338169085 0.62085447710179 
0.535767883941971 0.6201910583010706 
0.5362681340670334 0.6195156119126078 
0.536768384192096 0.6188278178769291 
0.5372686343171585 0.6181273561813025 
0.537768884442221 0.6174139073117562 
0.5382691345672836 0.6166871527108212 
0.5387693846923461 0.615946775238544 
0.5392696348174086 0.6151924596342766 
0.5397698849424712 0.6144238929767393 
0.5402701350675337 0.6136407651398532 
0.5407703851925962 0.6128427692418936 
0.5412706353176588 0.6120296020855645 
0.5417708854427213 0.6112009645867111 
0.5422711355677838 0.6103565621895058 
0.5427713856928463 0.6094961052660931 
0.5432716358179089 0.6086193094988686 
0.5437718859429714 0.6077258962437696 
0.5442721360680339 0.606815592873191 
0.5447723861930965 0.6058881330973908 
0.545272636318159 0.6049432572635237 
0.5457728864432215 0.60398071263174 
0.5462731365682841 0.6030002536280777 
0.5467733866933466 0.6020016420742162 
0.5472736368184091 0.600984647394463 
0.5477738869434717 0.5999490468006843 
0.5482741370685342 0.5988946254562225 
0.5487743871935967 0.5978211766201709 
0.5492746373186593 0.5967285017736776 
0.5497748874437218 0.595616410730294 
0.5502751375687843 0.5944847217326285 
0.5507753876938469 0.5933332615378859 
0.5512756378189094 0.5921618654950778 
0.5517758879439719 0.590970377616955 
0.5522761380690345 0.5897586506498569 
0.552776388194097 0.5885265461448694 
0.5532766383191595 0.5872739345337881 
0.5537768884442221 0.5860006952134406 
0.5542771385692846 0.5847067166420087 
0.5547773886943471 0.5833918964509298 
0.5552776388194096 0.5820561415759494 
0.5557778889444722 0.5806993684107596 
0.5562781390695347 0.5793215029865535 
0.5567783891945972 0.5779224811805831 
0.5572786393196598 0.5765022489566153 
0.5577788894447223 0.5750607626398654 
0.5582791395697848 0.5735979892286606 
0.5587793896948474 0.5721139067447276 
0.5592796398199099 0.5706085046235752 
0.5597798899449724 0.5690817841460011 
0.560280140070035 0.5675337589112612 
0.5607803901950975 0.5659644553519602 
0.56128064032016 0.5643739132901472 
0.5617808904452226 0.5627621865335892 
0.5622811405702851 0.5611293435106071 
0.5627813906953476 0.5594754679412913 
0.5632816408204102 0.5578006595423399 
0.5637818909454727 0.5561050347621919 
0.5642821410705352 0.5543887275425596 
0.5647823911955978 0.552651890101919 
0.5652826413206603 0.550894693735999 
0.5657828914457228 0.5491173296298025 
0.5662831415707853 0.5473200096752324 
0.5667833916958479 0.5455029672879753 
0.5672836418209104 0.5436664582169088 
0.5677838919459729 0.5418107613389779 
0.5682841420710355 0.5399361794321933 
0.568784392196098 0.5380430399192203 
0.5692846423211605 0.5361316955738307 
0.5697848924462231 0.5342025251824344 
0.5702851425712856 0.5322559341528821 
0.5707853926963481 0.5302923550627677 
0.5712856428214107 0.5283122481395887 
0.5717858929464732 0.5263161016653197 
0.5722861430715357 0.5243044322982263 
0.5727863931965983 0.522277785305052 
0.5732866433216608 0.5202367346971635 
0.5737868934467233 0.5181818832646798 
0.5742871435717859 0.5161138625031538 
0.5747873936968484 0.5140333324279902 
0.5752876438219109 0.5119409812724224 
0.5757878939469735 0.5098375250655752 
0.576288144072036 0.5077237070879174 
0.5767883941970985 0.5056002972021674 
0.5772886443221611 0.503468091058562 
0.5777888944472236 0.5013279091742509 
0.5782891445722861 0.49918059588743474 
0.5787893946973486 0.4970270181877721 
0.5792896448224112 0.4948680644254426 
0.5797898949474737 0.49270464290215493 
0.5802901450725362 0.49053768034825707 
0.5807903951975988 0.4883681202909499 
0.5812906453226613 0.4861969213194444 
0.5817908954477238 0.48402505525368394 
0.5822911455727864 0.48185350522399994 
0.5827913956978489 0.47968326366978337 
0.5832916458229114 0.47751533026588916 
0.583791895947974 0.47535070978606925 
0.5842921460730365 0.47319040991326544 
0.584792396198099 0.47103543900702766 
0.5852926463231616 0.46888680383868997 
0.5857928964482241 0.46674550730524655 
0.5862931465732866 0.46461254613306463 
0.5867933966983492 0.4624889085827019 
0.5872936468234117 0.46037557216615027 
0.5877938969484742 0.45827350138777206 
0.5882941470735368 0.45618364552007534 
0.5887943971985993 0.4541069364252644 
0.5892946473236618 0.45204428643321826 
0.5897948974487243 0.44999658628616374 
0.5902951475737869 0.4479647031598872 
0.5907953976988494 0.44594947877080104 
0.5912956478239119 0.44395172757760604 
0.5917958979489745 0.4419722350856493 
0.592296148074037 0.44001175626138245 
0.5927963981990995 0.4380710140635858 
0.5932966483241621 0.43615069809723206 
0.5937968984492246 0.43425146339505105 
0.5942971485742871 0.4323739293310131 
0.5947973986993497 0.4305186786690724 
0.5952976488244122 0.42868625674965155 
0.5957978989494747 0.4268771708154557 
0.5962981490745373 0.42509188947732607 
0.5967983991995998 0.42333084231998636 
0.5972986493246623 0.4215944196466774 
0.5977988994497249 0.41988297236084937 
0.5982991495747874 0.41819681198229264 
0.5987993996998499 0.416536210794336 
0.5992996498249125 0.4149014021180071 
0.599799899949975 0.41329258070840874 
0.6003001500750375 0.4117099032679409 
0.6008004002001001 0.41015348907042815 
0.6013006503251626 0.40862342068974 
0.601800900450225 0.4071197448260357 
0.6023011505752875 0.40564247322239566 
0.6028014007003502 0.4041915836643093 
0.6033016508254126 0.4027670210542324 
0.6038019009504751 0.4013686985532649 
0.6043021510755378 0.3999964987818775 
0.6048024012006002 0.3986502750715945 
0.6053026513256627 0.3973298527595311 
0.6058029014507254 0.3960350305177794 
0.6063031515757878 0.3947655817097688 
0.6068034017008503 0.39352125576590796 
0.607303651825913 0.3923017795710625 
0.6078039019509754 0.3911068588567049 
0.6083041520760379 0.38993617959089544 
0.6088044022011005 0.3887894093596192 
0.609304652326163 0.38766619873340175 
0.6098049024512255 0.3865661826135417 
0.6103051525762881 0.3854889815527467 
0.6108054027013506 0.3844342030454228 
0.6113056528264131 0.3834014427833384 
0.6118059029514757 0.38239028587286306 
0.6123061530765382 0.38140030801047103 
0.6128064032016007 0.3804310766136803 
0.6133066533266633 0.3794821519050677 
0.6138069034517258 0.37855308794747655 
0.6143071535767883 0.3776434336289838 
0.6148074037018508 0.3767527335966197 
0.6153076538269134 0.37588052913826425 
0.6158079039519759 0.37502635901252807 
0.6163081540770384 0.37418976022679434 
0.616808404202101 0.37337026876394297 
0.6173086543271635 0.3725674202585932 
0.617808904452226 0.3717807506239809 
0.6183091545772886 0.3710097966308407 
0.6188094047023511 0.37025409643989576 
0.6193096548274136 0.36951319008974465 
0.6198099049524762 0.36878661994209444 
0.6203101550775387 0.36807393108643655 
0.6208104052026012 0.3673746717063583 
0.6213106553276638 0.36668839340976117 
0.6218109054527263 0.36601465152531365 
0.6223111555777888 0.3653530053674925 
0.6228114057028514 0.36470301847256836 
0.6233116558279139 0.3640642588078812 
0.6238119059529764 0.3634362989567062 
0.624312156078039 0.36281871628096607 
0.6248124062031015 0.36221109306397065 
0.625312656328164 0.3616130166352892 
0.6258129064532265 0.3610240794797561 
0.6263131565782891 0.3604438793325209 
0.6268134067033516 0.35987201926192763 
0.6273136568284141 0.3593081077419072 
0.6278139069534767 0.35875175871542453 
0.6283141570785392 0.35820259165041973 
0.6288144072036017 0.3576602315895404 
0.6293146573286643 0.35712430919483473 
0.6298149074537268 0.3565944607884711 
0.6303151575787893 0.35607032839039426 
0.6308154077038519 0.35555155975373853 
0.6313156578289144 0.3550378083986816 
0.6318159079539769 0.35452873364532317 
0.6323161580790395 0.35402400064605744 
0.632816408204102 0.3535232804178133 
0.6333166583291645 0.35302624987444114 
0.6338169084542271 0.3525325918594303 
0.6343171585792896 0.35204199517906276 
0.6348174087043521 0.3515541546360379 
0.6353176588294147 0.3510687710635184 
0.6358179089544772 0.35058555135950137 
0.6363181590795397 0.35010420852134994 
0.6368184092046023 0.3496244616802732 
0.6373186593296648 0.3491460361355035 
0.6378189094547273 0.34866866338786906 
0.6383191595797898 0.3481920811724448 
0.6388194097048524 0.34771603348992025 
0.6393196598299149 0.34724027063631163 
0.6398199099549774 0.346764549230635 
0.64032016008004 0.3462886322401296 
0.6408204102051025 0.34581228900263306 
0.641320660330165 0.34533529524569817 
0.6418209104552276 0.3448574331020526 
0.6423211605802901 0.3443784911210046 
0.6428214107053526 0.343898264275421 
0.6433216608304152 0.343416553963905 
0.6438219109554777 0.3429331680078484 
0.6443221610805402 0.3424479206430302 
0.6448224112056028 0.3419606325054843 
0.6453226613306653 0.34147113061138024 
0.6458229114557278 0.3409792483307016 
0.6463231615807904 0.34048482535454627 
0.6468234117058529 0.33998770765590597 
0.6473236618309154 0.3394877474438438 
0.647823911955978 0.3389848031110082 
0.6483241620810405 0.33847873917449683 
0.648824412206103 0.33796942621011405 
0.6493246623311655 0.33745674078011395 
0.6498249124562281 0.33694056535458444 
0.6503251625812906 0.3364207882266612 
0.6508254127063531 0.3358973034218184 
0.6513256628314157 0.3353700106015193 
0.6518259129564782 0.3348388149615714 
0.6523261630815407 0.33430362712555 
0.6528264132066033 0.33376436303371626 
0.6533266633316658 0.3332209438278787 
0.6538269134567283 0.3326732957326777 
0.6543271635817909 0.3321213499338126 
0.6548274137068534 0.3315650424537411 
0.6553276638319159 0.3310043140254105 
0.6558279139569785 0.33043910996458065 
0.656328164082041 0.32986938004132127 
0.6568284142071035 0.3292950783512536 
0.6573286643321661 0.32871616318711605 
0.6578289144572286 0.3281325969112085 
0.6583291645822911 0.3275443458292725 
0.6588294147073537 0.3269513800663276 
0.6593296648324162 0.3263536734449669 
0.6598299149574787 0.3257512033665822 
0.6603301650825413 0.3251439506959478 
0.6608304152076038 0.3245318996495571 
0.6613306653326663 0.3239150376880615 
0.6618309154577288 0.323293355413104 
0.6623311655827914 0.3226668464688035 
0.6628314157078539 0.32203550744807796 
0.6633316658329164 0.3213993378039532 
0.663831915957979 0.3207583397659367 
0.6643321660830415 0.3201125182614888 
0.664832416208104 0.31946188084256727 
0.6653326663331666 0.3188064376171625 
0.6658329164582291 0.3181462011856928 
0.6663331665832916 0.31748118658208535 
0.6668334167083542 0.3168114112193056 
0.6673336668334167 0.31613689483908075 
0.6678339169584792 0.31545765946550086 
0.6683341670835418 0.3147737293621612 
0.6688344172086043 0.3140851309924876 
0.6693346673336668 0.31339189298284287 
0.6698349174587294 0.3126940460880221 
0.6703351675837919 0.31199162315871626 
0.6708354177088544 0.31128465911052455 
0.671335667833917 0.31057319089409957 
0.6718359179589795 0.30985725746601583 
0.672336168084042 0.30913689975996456 
0.6728364182091046 0.30841216065789384 
0.673336668334167 0.30768308496074653 
0.6738369184592296 0.3069497193584661 
0.674337168584292 0.3062121123989775 
0.6748374187093547 0.3054703144558887 
0.6753376688344171 0.30472437769469585 
0.6758379189594796 0.3039743560373167 
0.6763381690845423 0.30322030512482107 
0.6768384192096047 0.302462282278271 
0.6773386693346672 0.301700346457632 
0.6778389194597298 0.30093455821875414 
0.6783391695847923 0.30016497966847344 
0.6788394197098548 0.2993916744179243 
0.6793396698349174 0.29861470753418456 
0.6798399199599799 0.297834145490426 
0.6803401700850424 0.29705005611476903 
0.680840420210105 0.2962625085380623 
0.6813406703351675 0.29547157314085354 
0.68184092046023 0.2946773214998145 
0.6823411705852926 0.29387982633391596 
0.6828414207103551 0.29307916145065116 
0.6833416708354176 0.2922754016926167 
0.6838419209604802 0.29146862288474557 
0.6843421710855427 0.29065890178250786 
0.6848424212106052 0.2898463160213568 
0.6853426713356677 0.2890309440676963 
0.6858429214607303 0.2882128651716316 
0.6863431715857928 0.28739215932172496 
0.6868434217108553 0.28656890720196715 
0.6873436718359179 0.2857431901511276 
0.6878439219609804 0.2849150901246361 
0.6883441720860429 0.2840846896590811 
0.6888444222111055 0.2832520718394058 
0.689344672336168 0.28241732026881994 
0.6898449224612305 0.2815805190414198 
0.6903451725862931 0.28074175271746504 
0.6908454227113556 0.2799011063012264 
0.6913456728364181 0.27905866522128586 
0.6918459229614807 0.27821451531312347 
0.6923461730865432 0.27736874280381824 
0.6928464232116057 0.27652143429863857 
0.6933466733366683 0.2756726767692859 
0.6938469234617308 0.2748225575435422 
0.6943471735867933 0.2739711642960364 
0.6948474237118559 0.27311858503985453 
0.6953476738369184 0.2722649081186988 
0.6958479239619809 0.2714102221993058 
0.6963481740870435 0.27055461626383476 
0.696848424212106 0.2696981796019454 
0.6973486743371685 0.2688410018022972 
0.697848924462231 0.26798317274322486 
0.6983491745872936 0.26712478258235106 
0.6988494247123561 0.26626592174494296 
0.6993496748374186 0.2654066809108312 
0.6998499249624812 0.26454715099974574 
0.7003501750875437 0.2636874231549627 
0.7008504252126062 0.26282758872518147 
0.7013506753376688 0.26196773924459615 
0.7018509254627313 0.26110796641115636 
0.7023511755877938 0.26024836206305685 
0.7028514257128564 0.2593890181535232 
0.7033516758379189 0.2585300267240011 
0.7038519259629814 0.25767147987589456 
0.704352176088044 0.2568134697410162 
0.7048524262131065 0.2559560884509558 
0.705352676338169 0.2550994281055916 
0.7058529264632316 0.254243580740986 
0.7063531765882941 0.25338863829693187 
0.7068534267133566 0.2525346925844267 
0.7073536768384192 0.25168183525335436 
0.7078539269634817 0.2508301577606618 
0.7083541770885442 0.2499797513393245 
0.7088544272136067 0.24913070696836476 
0.7093546773386693 0.24828311534420416 
0.7098549274637318 0.2474370668535969 
0.7103551775887943 0.24659265154837395 
0.7108554277138569 0.24574995912220937 
0.7113556778389194 0.24490907888958519 
0.7118559279639819 0.24407009976710708 
0.7123561780890445 0.2432331102572786 
0.712856428214107 0.2423981984348181 
0.7133566783391695 0.241565451935555 
0.7138569284642321 0.24073495794790095 
0.7143571785892946 0.23990680320686641 
0.7148574287143571 0.23908107399053075 
0.7153576788394197 0.23825785611885653 
0.7158579289644822 0.23743723495468508 
0.7163581790895447 0.23661929540672355 
0.7168584292146073 0.23580412193429512 
0.7173586793396698 0.23499179855359859 
0.7178589294647323 0.23418240884518726 
0.7183591795897949 0.23337603596236828 
0.7188594297148574 0.23257276264018711 
0.7193596798399199 0.23177267120466685 
0.7198599299649825 0.2309758435819411 
0.720360180090045 0.23018236130693573 
0.7208604302151075 0.22939230553124051 
0.72136068034017 0.22860575702982325 
0.7218609304652326 0.22782279620624798 
0.7223611805902951 0.22704350309607726 
0.7228614307153576 0.22626795736815428 
0.7233616808404202 0.22549623832348595 
0.7238619309654827 0.22472842489148204 
0.7243621810905452 0.2239645956233287 
0.7248624312156078 0.22320482868231525 
0.7253626813406703 0.22244920183097233 
0.7258629314657328 0.22169779241491236 
0.7263631815907954 0.22095067734330978 
0.7268634317158579 0.22020793306600273 
0.7273636818409204 0.21946963554722884 
0.727863931965983 0.2187358602360629 
0.7283641820910455 0.218006682033656 
0.728864432216108 0.21728217525741414 
0.7293646823411706 0.216562413602297 
0.7298649324662331 0.21584747009944533 
0.7303651825912956 0.21513741707237857 
0.7308654327163582 0.21443232609102797 
0.7313656828414207 0.21373226792389735 
0.7318659329664832 0.21303731248865823 
0.7323661830915458 0.21234752880149815 
0.7328664332166083 0.21166298492555366 
0.7333666833416708 0.21098374791875943 
0.7338669334667333 0.21030988378144352 
0.7343671835917959 0.20964145740399107 
0.7348674337168584 0.20897853251489504 
0.7353676838419209 0.2083211716294829 
0.7358679339669835 0.20766943599960055 
0.736368184092046 0.20702338556450306 
0.7368684342171085 0.20638307890318017 
0.7373686843421711 0.2057485731883044 
0.7378689344672336 0.20511992414196695 
0.7383691845922961 0.20449718599332742 
0.7388694347173587 0.20388041143826 
0.7393696848424212 0.20326965160105576 
0.7398699349674837 0.20266495599818926 
0.7403701850925463 0.2020663725041289 
0.7408704352176088 0.20147394731913654 
0.7413706853426713 0.20088772493895782 
0.7418709354677339 0.20030774812628516 
0.7423711855927964 0.19973405788383822 
0.7428714357178589 0.19916669342888804 
0.7433716858429215 0.19860569216901947 
0.743871935967984 0.19805108967892354 
0.7443721860930465 0.19750291967798123 
0.744872436218109 0.19696121400840963 
0.7453726863431716 0.19642600261372056 
0.745872936468234 0.19589731351725878 
0.7463731865932965 0.19537517280058003 
0.7468734367183592 0.19485960458144624 
0.7473736868434216 0.1943506309912359 
0.7478739369684841 0.19384827215157155 
0.7483741870935467 0.19335254615001018 
0.7488744372186092 0.1928634690146508 
0.7493746873436717 0.19238105468756037 
0.7498749374687343 0.19190531499693808 
0.7503751875937968 0.19143625962798583 
0.7508754377188593 0.19097389609248092 
0.751375687843922 0.19051822969708693 
0.7518759379689844 0.19006926351047876 
0.7523761880940469 0.1896269983293958 
0.7528764382191095 0.1891914326437668 
0.753376688344172 0.18876256260109656 
0.7538769384692345 0.18834038197032577 
0.7543771885942971 0.18792488210541347 
0.7548774387193596 0.18751605190891285 
0.7553776888444221 0.18711387779583954 
0.7558779389694847 0.18671834365814108 
0.7563781890945472 0.18632943083010486 
0.7568784392196097 0.1859471180550314 
0.7573786893446722 0.18557138145352667 
0.7578789394697348 0.1852021944937457 
0.7583791895947973 0.18483952796392875 
0.7588794397198598 0.1844833499475533 
0.7593796898449224 0.18413362580140916 
0.7598799399699849 0.18379031813688956 
0.7603801900950474 0.18345338680475914 
0.76088044022011 0.18312278888363295 
0.7613806903451725 0.18279847867237367 
0.761880940470235 0.18248040768656945 
0.7623811905952976 0.182168524659227 
0.7628814407203601 0.1818627755457641 
0.7633816908454226 0.1815631035333557 
0.7638819409704852 0.18126944905463632 
0.7643821910955477 0.18098174980572693 
0.7648824412206102 0.18069994076850757 
0.7653826913456728 0.18042395423702298 
0.7658829414707353 0.18015371984786765 
0.7663831915957978 0.17988916461435822 
0.7668834417208604 0.17963021296427728 
0.7673836918459229 0.17937678678093552 
0.7678839419709854 0.17912880544728227 
0.7683841920960479 0.17888618589276672 
0.7688844422211105 0.1786488426426447 
0.769384692346173 0.17841668786940582 
0.7698849424712355 0.1781896314460035 
0.7703851925962981 0.17796758100055846 
0.7708854427213606 0.17775044197221537 
0.7713856928464231 0.17753811766784477 
0.7718859429714857 0.1773305093192951 
0.7723861930965482 0.17712751614091743 
0.7728864432216107 0.17692903538711452 
0.7733866933466733 0.17673496240968337 
0.7738869434717358 0.17654519071476532 
0.7743871935967983 0.17635961201923714 
0.7748874437218609 0.17617811630642077 
0.7753876938469234 0.17600059188102402 
0.7758879439719859 0.17582692542326434 
0.7763881940970485 0.17565700204216125 
0.776888444222111 0.1754907053280278 
0.7773886943471735 0.17532791740422587 
0.7778889444722361 0.1751685189782803 
0.7783891945972986 0.17501238939248945 
0.7788894447223611 0.17485940667419453 
0.7793896948474237 0.17470944758589274 
0.7798899449724862 0.1745623876754107 
0.7803901950975487 0.1744181013263708 
0.7808904452226112 0.17427646180919087 
0.7813906953476738 0.17413734133287864 
0.7818909454727363 0.1740006110978738 
0.7823911955977988 0.1738661413501989 
0.7828914457228614 0.17373380143717668 
0.7833916958479239 0.17360345986494613 
0.7838919459729864 0.1734749843580147 
0.784392196098049 0.17334824192104603 
0.7848924462231115 0.17322309890306795 
0.785392696348174 0.17309942106425844 
0.7858929464732366 0.1729770736454267 
0.7863931965982991 0.17285592144028641 
0.7868934467233616 0.17273582887056468 
0.7873936968484242 0.17261666006396742 
0.7878939469734867 0.1724982789349768 
0.7883941970985492 0.17238054926841273 
0.7888944472236118 0.17226333480565792 
0.7893946973486743 0.1721464993334029 
0.7898949474737368 0.17202990677473676 
0.7903951975987994 0.171913421282365 
0.7908954477238619 0.17179690733371497 
0.7913956978489244 0.17168022982765258 
0.791895947973987 0.17156325418251375 
0.7923961980990495 0.1714458464351307 
0.792896448224112 0.17132787334052163 
0.7933966983491745 0.17120920247189178 
0.7938969484742371 0.17108970232059803 
0.7943971985992996 0.17096924239572162 
0.7948974487243621 0.17084769332289637 
0.7953976988494247 0.1707249269420516 
0.7958979489744872 0.1706008164037416 
0.7963981990995497 0.17047523626374805 
0.7968984492246123 0.17034806257566876 
0.7973986993496748 0.17021917298123015 
0.7978989494747373 0.17008844679808705 
0.7983991995997999 0.16995576510491517 
0.7988994497248624 0.16982101082362516 
0.7993996998499249 0.16968406879857395 
0.7998999499749875 0.16954482587268027 
0.80040020010005 0.16940317096039662 
0.8009004502251125 0.16925899511752227 
0.8014007003501751 0.169112191607886 
0.8019009504752376 0.16896265596696214 
0.8024012006003001 0.16881028606251525 
0.8029014507253627 0.16865498215241367 
0.8034017008504252 0.16849664693976377 
0.8039019509754877 0.16833518562556507 
0.8044022011005502 0.16817050595909236 
0.8049024512256128 0.16800251828623683 
0.8054027013506753 0.16783113559605997 
0.8059029514757378 0.1676562735658088 
0.8064032016008004 0.16747785060466422 
0.8069034517258629 0.1672957878964794 
0.8074037018509254 0.1671100094417769 
0.807903951975988 0.16692044209925133 
0.8084042021010505 0.16672701562702258 
0.808904452226113 0.1665296627238634 
0.8094047023511756 0.16632831907060025 
0.8099049524762381 0.16612292337187912 
0.8104052026013006 0.16591341739843643 
0.8109054527263632 0.16569974603001297 
0.8114057028514257 0.1654818572989928 
0.8119059529764882 0.16525970243483723 
0.8124062031015508 0.16503323590933572 
0.8129064532266133 0.16480241548266958 
0.8134067033516758 0.16456720225024674 
0.8139069534767384 0.16432756069023352 
0.8144072036018009 0.16408345871168145 
0.8149074537268634 0.1638348677031075 
0.815407703851926 0.1635817625813705 
0.8159079539769885 0.16332412184064943 
0.816408204102051 0.16306192760131571 
0.8169084542271134 0.16279516565846625 
0.817408704352176 0.16252382552987532 
0.8179089544772385 0.1622479005030982 
0.818409204602301 0.16196738768147406 
0.8189094547273637 0.16168228802874304 
0.8194097048524261 0.16139260641201555 
0.8199099549774886 0.16109835164282713 
0.8204102051025512 0.1607995365160117 
0.8209104552276137 0.16049617784614864 
0.8214107053526762 0.16018829650135058 
0.8219109554777388 0.15987591743416413 
0.8224112056028013 0.15955906970939365 
0.8229114557278638 0.1592377865286636 
0.8234117058529264 0.15891210525156554 
0.8239119559779889 0.15858206741326364 
0.8244122061030514 0.15824771873844923 
0.824912456228114 0.15790910915156964 
0.8254127063531765 0.15756629278327694 
0.825912956478239 0.15721932797307198 
0.8264132066033016 0.156868277268139 
0.8269134567283641 0.156513207418397 
0.8274137068534266 0.1561541893678066 
0.8279139569784892 0.15579129824199975 
0.8284142071035517 0.15542461333231186 
0.8289144572286142 0.15505421807631442 
0.8294147073536767 0.15468020003495295 
0.8299149574787393 0.15430265086641357 
0.8304152076038018 0.15392166629684226 
0.8309154577288643 0.15353734608804112 
0.8314157078539269 0.153149794002275 
0.8319159579789894 0.152759117764315 
0.8324162081040519 0.15236542902083675 
0.8329164582291145 0.15196884329729005 
0.833416708354177 0.15156947995234182 
0.8339169584792395 0.1511674621299811 
0.8344172086043021 0.15076291670936243 
0.8349174587293646 0.15035597425244723 
0.8354177088544271 0.14994676894948405 
0.8359179589794897 0.14953543856234852 
0.8364182091045522 0.1491221243657466 
0.8369184592296147 0.1487069710862702 
0.8374187093546773 0.14829012683925813 
0.8379189594797398 0.1478717430634159 
0.8384192096048023 0.14745197445312064 
0.8389194597298649 0.1470309788883158 
0.8394197098549274 0.14660891736189233 
0.8399199599799899 0.14618595390443886 
0.8404202101050524 0.1457622555062233 
0.840920460230115 0.14533799203626818 
0.8414207103551775 0.14491333615837196 
0.84192096048024 0.14448846324391978 
0.8424212106053026 0.144063551281327 
0.8429214607303651 0.14363878078196823 
0.8434217108554276 0.14321433468243003 
0.8439219609804902 0.14279039824295228 
0.8444222111055527 0.1423671589419137 
0.8449224612306152 0.14194480636624257 
0.8454227113556778 0.14152353209764018 
0.8459229614807403 0.14110352959452138 
0.8464232116058028 0.14068499406959925 
0.8469234617308654 0.14026812236305575 
0.8474237118559279 0.13985311281126697 
0.8479239619809904 0.13944016511107124 
0.848424212106053 0.13902948017959685 
0.8489244622311155 0.13862126000968716 
0.849424712356178 0.13821570752099058 
0.8499249624812406 0.13781302640680831 
0.8504252126063031 0.1374134209768177 
0.8509254627313656 0.13701709599581463 
0.8514257128564282 0.1366242565186467 
0.8519259629814907 0.13623510772153266 
0.8524262131065532 0.13584985472998268 
0.8529264632316157 0.13546870244356232 
0.8534267133566783 0.13509185535775964 
0.8539269634817408 0.13471951738323348 
0.8544272136068033 0.13435189166274428 
0.8549274637318659 0.13398918038606794 
0.8554277138569284 0.1336315846032305 
0.8559279639819909 0.13327930403638544 
0.8564282141070535 0.1329325368906808 
0.856928464232116 0.13259147966446674 
0.8574287143571785 0.132256326959189 
0.8579289644822411 0.13192727128932522 
0.8584292146073036 0.13160450289271394 
0.8589294647323661 0.1312882095416248 
0.8594297148574287 0.1309785763549087 
0.8599299649824912 0.13067578561157137 
0.8604302151075537 0.13038001656608553 
0.8609304652326163 0.13009144526576447 
0.8614307153576788 0.1298102443704966 
0.8619309654827413 0.1295365829751253 
0.8624312156078039 0.12927062643475432 
0.8629314657328664 0.1290125361932308 
0.8634317158579289 0.12876246961504653 
0.8639319659829914 0.12852057982088377 
0.864432216108054 0.12828701552700703 
0.8649324662331165 0.12806192088869323 
0.865432716358179 0.1278454353478645 
0.8659329664832416 0.12763769348508217 
0.8664332166083041 0.12743882487603372 
0.8669334667333666 0.12724895395263608 
0.8674337168584292 0.12706819986885654 
0.8679339669834917 0.12689667637134125 
0.8684342171085542 0.12673449167493397 
0.8689344672336168 0.12658174834314087 
0.8694347173586793 0.12643854317360304 
0.8699349674837418 0.12630496708862077 
0.8704352176088044 0.12618110503076008 
0.8709354677338669 0.12606703586358614 
0.8714357178589294 0.12596283227753638 
0.871935967983992 0.12586856070096358 
0.8724362181090545 0.12578428121637264 
0.872936468234117 0.12571004748186623 
0.8734367183591796 0.12564590665782685 
0.8739369684842421 0.12559189933885725 
0.8744372186093046 0.12554805949100986 
0.8749374687343672 0.12551441439433272 
0.8754377188594297 0.12549098459077399 
0.8759379689844922 0.12547778383748617 
0.8764382191095547 0.12547481906557562 
0.8769384692346173 0.125482090344356 
0.8774387193596798 0.12549959085116405 
0.8779389694847423 0.1255273068468041 
0.8784392196098049 0.12556521765669398 
0.8789394697348674 0.12561329565778376 
0.8794397198599299 0.12567150627133297 
0.8799399699849925 0.12573980796162518 
0.880440220110055 0.12581815224069498 
0.8809404702351175 0.1259064836791638 
0.8814407203601801 0.1260047399232493 
0.8819409704852426 0.12611285171803246 
0.882441220610305 0.12623074293704512 
0.8829414707353677 0.12635833061824514 
0.8834417208604302 0.1264955250064188 
0.8839419709854927 0.12664222960205673 
0.8844422211105553 0.1267983412167218 
0.8849424712356178 0.1269637500349095 
0.8854427213606803 0.12713833968239607 
0.8859429714857429 0.1273219873010292 
0.8864432216108054 0.1275145636299093 
0.8869434717358678 0.12771593309287538 
0.8874437218609305 0.12792595389218558 
0.887943971985993 0.12814447810826166 
0.8884442221110554 0.12837135180532183 
0.8889444722361179 0.12860641514271864 
0.8894447223611806 0.1288495024917539 
0.889944972486243 0.12910044255771475 
0.8904452226113055 0.12935905850685547 
0.8909454727363681 0.12962516809801006 
0.8914457228614306 0.1298985838184971 
0.8919459729864931 0.13017911302395416 
0.8924462231115557 0.130466558081712 
0.8929464732366182 0.1307607165172975 
0.8934467233616807 0.13106138116362753 
0.8939469734867433 0.13136834031245487 
0.8944472236118058 0.13168137786759052 
0.8949474737368683 0.13200027349943147 
0.8954477238619309 0.13232480280031064 
0.8959479739869934 0.1326547374401759 
0.8964482241120559 0.13298984532211183 
0.8969484742371185 0.13332989073721987 
0.897448724362181 0.13367463451837022 
0.8979489744872435 0.13402383419236827 
0.8984492246123061 0.13437724413007718 
0.8989494747373686 0.13473461569406683 
0.8994497248624311 0.1350956973833848 
0.8999499749874936 0.13546023497506565 
0.9004502251125562 0.13582797166203964 
0.9009504752376187 0.13619864818712374 
0.9014507253626812 0.13657200297283495 
0.9019509754877438 0.13694777224679397 
0.9024512256128063 0.13732569016255258 
0.9029514757378688 0.13770548891571405 
0.9034517258629314 0.13808689885528136 
0.9039519759879939 0.1384696485902283 
0.9044522261130564 0.13885346509133703 
0.904952476238119 0.1392380737884303 
0.9054527263631815 0.139623198663176 
0.905952976488244 0.14000856233772602 
0.9064532266133066 0.14039388615951523 
0.9069534767383691 0.14077889028262536 
0.9074537268634316 0.14116329374620287 
0.9079539769884942 0.14154681455048773 
0.9084542271135567 0.14192916973110103 
0.9089544772386192 0.1423100754323243 
0.9094547273636818 0.14268924698017876 
0.9099549774887443 0.14306639895622109 
0.9104552276138068 0.14344124527303004 
0.9109554777388694 0.14381349925248144 
0.9114557278639319 0.14418287370797628 
0.9119559779889944 0.14454908103188344 
0.9124562281140569 0.14491183328955734 
0.9129564782391195 0.14527084232136914 
0.913456728364182 0.14562581985428916 
0.9139569784892445 0.14597647762464008 
0.9144572286143071 0.14632252751372785 
0.9149574787393696 0.14666368169814065 
0.9154577288644321 0.14699965281657934 
0.9159579789894947 0.147330154155164 
0.9164582291145572 0.14765489985321495 
0.9169584792396197 0.14797360513158106 
0.9174587293646823 0.14828598654562108 
0.9179589794897448 0.14859176226499832 
0.9184592296148073 0.14889065238246832 
0.9189594797398699 0.1491823792538518 
0.9194597298649324 0.14946666787138974 
0.9199599799899949 0.14974324627265714 
0.9204602301150575 0.15001184598717066 
0.92096048024012 0.15027220252277362 
0.9214607303651825 0.1505240558937956 
0.9219609804902451 0.1507671511928843 
0.9224612306153076 0.15100123920827063 
0.9229614807403701 0.15122607708807193 
0.9234617308654326 0.1514414290530474 
0.9239619809904952 0.15164706715899928 
0.9244622311155577 0.15184277210976285 
0.9249624812406202 0.152028334121432 
0.9254627313656828 0.15220355383815903 
0.9259629814907453 0.1523682432994972 
0.9264632316158078 0.1525222269588587 
0.9269634817408704 0.1526653427522489 
0.9274637318659329 0.1527974432159417 
0.9279639819909954 0.15291839665128507 
0.928464232116058 0.1530280883342715 
0.9289644822411205 0.15312642176694083 
0.929464732366183 0.1532133199670872 
0.9299649824912456 0.15328872679210206 
0.9304652326163081 0.15335260829212916 
0.9309654827413706 0.15340495408702692 
0.9314657328664332 0.1534457787609359 
0.9319659829914957 0.15347512326752197 
0.9324662331165582 0.15349305633825464 
0.9329664832416208 0.15349967588533187 
0.9334667333666833 0.15349511039014163 
0.9339669834917458 0.15347952026742287 
0.9344672336168084 0.15345309919456934 
0.9349674837418709 0.15341607539483854 
0.9354677338669334 0.15336871286255402 
0.9359679839919959 0.1533113125177598 
0.9364682341170585 0.15324421327720097 
0.936968484242121 0.15316779302796435 
0.9374687343671835 0.15308246948963364 
0.9379689844922461 0.1529887009504017 
0.9384692346173086 0.15288698686224633 
0.9389694847423711 0.1527778682800186 
0.9394697348674337 0.1526619281291351 
0.9399699849924962 0.15253979128649214 
0.9404702351175587 0.15241212445926822 
0.9409704852426213 0.1522796358464327 
0.9414707353676838 0.1521430745680506 
0.9419709854927463 0.15200322984787212 
0.9424712356178089 0.15186092993522501 
0.9429714857428714 0.15171704075289458 
0.9434717358679339 0.151572464258466 
0.9439719859929965 0.15142813650756223 
0.944472236118059 0.1512850254084836 
0.9449724862431215 0.1511441281589903 
0.9454727363681841 0.15100646835734027 
0.9459729864932466 0.15087309278120012 
0.9464732366183091 0.15074506782971592 
0.9469734867433717 0.15062347562579448 
0.9474737368684342 0.15050940977757843 
0.9479739869934967 0.15040397080013176 
0.9484742371185592 0.1503082612004944 
0.9489744872436218 0.15022338023154225 
0.9494747373686843 0.15015041832242015 
0.9499749874937468 0.1500904511957729 
0.9504752376188094 0.15004453368448417 
0.9509754877438719 0.15001369326321276 
0.9514757378689344 0.14999892331260944 
0.951975987993997 0.15000117613672628 
0.9524762381190595 0.1500213557567708 
0.952976488244122 0.150060310506968 
0.9534767383691846 0.1501188254609009 
0.9539769884942471 0.15019761471923654 
0.9544772386193096 0.15029731359221563 
0.9549774887443722 0.1504184707126782 
0.9554777388694347 0.15056154011765965 
0.9559779889944972 0.15072687333873935 
0.9564782391195598 0.15091471154331296 
0.9569784892446223 0.15112517777077042 
0.9574787393696848 0.15135826930919094 
0.9579789894947474 0.15161385025957164 
0.9584792396198099 0.15189164433578772 
0.9589794897448723 0.15219122794940895 
0.9594797398699348 0.1525120236291664 
0.9599799899949975 0.15285329382523435 
0.96048024012006 0.15321413514859028 
0.9609804902451224 0.15359347309548643 
0.961480740370185 0.1539900573065234 
0.9619809904952475 0.1544024574089526 
0.96248124062031 0.1548290594896245 
0.9629814907453726 0.15526806324445977 
0.9634817408704351 0.15571747984843046 
0.9639819909954976 0.15617513058780755 
0.9644822411205602 0.15663864629387153 
0.9649824912456227 0.15710546761436459 
0.9654827413706852 0.15757284615573924 
0.9659829914957478 0.15803784652570468 
0.9664832416208103 0.15849734930170614 
0.9669834917458728 0.15894805494683495 
0.9674837418709354 0.15938648869023456 
0.9679839919959979 0.159809006384388 
0.9684842421210604 0.16021180134676843 
0.968984492246123 0.16059091218820792 
0.9694847423711855 0.16094223162504476 
0.969984992496248 0.16126151626665633 
0.9704852426213106 0.1615443973644058 
0.9709854927463731 0.16178639250236965 
0.9714857428714356 0.16198291820449473 
0.9719859929964981 0.16212930342708373 
0.9724862431215607 0.16222080389978918 
0.9729864932466232 0.16225261727261459 
0.9734867433716857 0.16221989902084186 
0.9739869934967483 0.16211777905433655 
0.9744872436218108 0.1619413789724023 
0.9749874937468733 0.16168582990025368 
0.9754877438719359 0.16134629083833338 
0.9759879939969984 0.16091796745112427 
0.9764882441220609 0.16039613121785118 
0.9769884942471235 0.15977613886354441 
0.977488744372186 0.15905345198540924 
0.9779889944972485 0.1582236567863176 
0.9784892446223111 0.15728248382455112 
0.9789894947473736 0.15622582768669885 
0.9794897448724361 0.15504976648888888 
0.9799899949974987 0.15375058111028628 
0.9804902451225612 0.15232477406212142 
0.9809904952476237 0.15076908789532625 
0.9814907453726863 0.14908052305026218 
0.9819909954977488 0.14725635505299003 
0.9824912456228113 0.14529415096403034 
0.9829914957478738 0.14319178498766288 
0.9834917458729364 0.14094745315246063 
0.9839919959979989 0.13855968697694285 
0.9844922461230614 0.13602736603799168 
0.984992496248124 0.1333497293639396 
0.9854927463731865 0.13052638557903215 
0.985992996498249 0.12755732173123527 
0.9864932466233116 0.12444291074109276 
0.9869934967483741 0.12118391741553211 
0.9874937468734366 0.11778150297706727 
0.9879939969984992 0.11423722806580416 
0.9884942471235617 0.11055305417892897 
0.9889944972486242 0.10673134351992404 
0.9894947473736868 0.1027748572375362 
0.9899949974987493 0.09868675204258728 
0.9904952476238118 0.09447057519882526 
0.9909954977488744 0.09013025789231371 
0.9914957478739369 0.08567010699218715 
0.9919959979989994 0.0810947952239264 
0.992496248124062 0.07640934978458791 
0.9929964982491245 0.0716191394376536 
0.993496748374187 0.06672986013318616 
0.9939969984992496 0.06174751920683813 
0.9944972486243121 0.056678418218898366 
0.9949974987493746 0.05152913450186523 
0.9954977488744371 0.04630650149202086 
0.9959979989994997 0.04101758792708796 
0.9964982491245622 0.035669675998247975 
0.9969984992496247 0.03027023855049788 
0.9974987493746873 0.024826915430541902 
0.9979989994997498 0.019347489086128544 
0.9984992496248123 0.013839859524847984 
0.9989994997498749 0.008312018743933088 
0.9994997498749374 0.0027720247455618277 
1.0 0.0 
