xdata ydata 
0.0 0.008995593811922874 
0.0005002501250625312 0.008995593812009277 
0.0010005002501250625 0.008995593812181993 
0.0015007503751875936 0.008995593812440944 
0.002001000500250125 0.008995593812785802 
0.0025012506253126563 0.008995593813216404 
0.003001500750375187 0.008995593813732447 
0.0035017508754377185 0.008995593814333631 
0.00400200100050025 0.00899559381501952 
0.004502251125562781 0.00899559381578969 
0.0050025012506253125 0.008995593816644063 
0.005502751375687844 0.008995593817581986 
0.006003001500750374 0.00899559381860349 
0.006503251625812906 0.008995593819708162 
0.007003501750875437 0.008995593820895827 
0.007503751875937968 0.008995593822166892 
0.0080040020010005 0.008995593823521102 
0.00850425212606303 0.008995593824959049 
0.009004502251125562 0.008995593826481059 
0.009504752376188093 0.008995593828087952 
0.010005002501250625 0.008995593829780742 
0.010505252626313155 0.008995593831560584 
0.011005502751375688 0.008995593833428912 
0.011505752876438218 0.008995593835387691 
0.012006003001500749 0.008995593837439031 
0.01250625312656328 0.008995593839585437 
0.013006503251625811 0.008995593841829656 
0.013506753376688344 0.008995593844174988 
0.014007003501750874 0.008995593846625093 
0.014507253626813406 0.008995593849183983 
0.015007503751875937 0.008995593851856073 
0.015507753876938469 0.008995593854646412 
0.016008004002001 0.008995593857560295 
0.01650825412706353 0.008995593860603493 
0.01700850425212606 0.008995593863782335 
0.017508754377188594 0.008995593867103482 
0.018009004502251125 0.008995593870574312 
0.018509254627313655 0.008995593874202353 
0.019009504752376186 0.008995593877995887 
0.01950975487743872 0.008995593881963587 
0.02001000500250125 0.008995593886114596 
0.02051025512756378 0.008995593890458665 
0.02101050525262631 0.008995593895005722 
0.02151075537768884 0.008995593899766613 
0.022011005502751375 0.00899559390475247 
0.022511255627813906 0.008995593909975006 
0.023011505752876436 0.00899559391544637 
0.023511755877938967 0.008995593921179141 
0.024012006003001497 0.00899559392718677 
0.02451225612806403 0.008995593933482905 
0.02501250625312656 0.008995593940081821 
0.025512756378189092 0.008995593946998538 
0.026013006503251623 0.008995593954248433 
0.026513256628314157 0.008995593961847617 
0.027013506753376687 0.008995593969812756 
0.027513756878439218 0.008995593978161204 
0.028014007003501748 0.00899559398691096 
0.02851425712856428 0.008995593996080659 
0.029014507253626812 0.008995594005689769 
0.029514757378689343 0.008995594015758354 
0.030015007503751873 0.008995594026307594 
0.030515257628814404 0.008995594037359092 
0.031015507753876938 0.00899559404893574 
0.03151575787893947 0.008995594061061051 
0.032016008004002 0.008995594073759633 
0.03251625812906453 0.0089955940870571 
0.03301650825412706 0.008995594100980324 
0.03351675837918959 0.008995594115556857 
0.03401700850425212 0.008995594130816088 
0.03451725862931466 0.008995594146788199 
0.03501750875437719 0.008995594163504785 
0.03551775887943972 0.008995594180999112 
0.03601800900450225 0.008995594199305325 
0.03651825912956478 0.008995594218459873 
0.03701850925462731 0.008995594238500219 
0.03751875937968984 0.008995594259465894 
0.03801900950475237 0.008995594281397942 
0.0385192596298149 0.008995594304339343 
0.03901950975487744 0.008995594328335191 
0.03951975987993997 0.008995594353432479 
0.0400200100050025 0.008995594379680283 
0.04052026013006503 0.008995594407129836 
0.04102051025512756 0.00899559443583484 
0.04152076038019009 0.008995594465851431 
0.04202101050525262 0.0089955944972381 
0.04252126063031515 0.00899559453005602 
0.04302151075537768 0.008995594564368966 
0.04352176088044022 0.008995594600243753 
0.04402201100550275 0.008995594637750102 
0.04452226113056528 0.008995594676960539 
0.04502251125562781 0.008995594717951153 
0.04552276138069034 0.008995594760800986 
0.04602301150575287 0.008995594805592649 
0.0465232616308154 0.008995594852412508 
0.047023511755877934 0.008995594901350159 
0.047523761880940464 0.008995594952499684 
0.048024012006002995 0.008995595005958673 
0.04852426213106553 0.008995595061829025 
0.04902451225612806 0.008995595120216986 
0.04952476238119059 0.0089955951812335 
0.05002501250625312 0.008995595244993736 
0.050525262631315654 0.008995595311618134 
0.051025512756378184 0.008995595381232001 
0.051525762881440715 0.008995595453965879 
0.052026013006503245 0.008995595529956003 
0.052526263131565776 0.008995595609343876 
0.05302651325662831 0.008995595692277454 
0.053526763381690844 0.0089955957789104 
0.054027013506753374 0.008995595869402944 
0.054527263631815905 0.008995595963922092 
0.055027513756878435 0.008995596062641687 
0.055527763881940966 0.008995596165742718 
0.056028014007003496 0.008995596273413863 
0.056528264132066026 0.008995596385851649 
0.05702851425712856 0.008995596503260577 
0.057528764382191094 0.008995596625853669 
0.058029014507253625 0.008995596753852798 
0.058529264632316155 0.008995596887489151 
0.059029514757378686 0.008995597027003383 
0.059529764882441216 0.008995597172645933 
0.06003001500750375 0.008995597324677883 
0.06053026513256628 0.008995597483370952 
0.06103051525762881 0.008995597649008032 
0.06153076538269134 0.008995597821883741 
0.062031015507753876 0.00899559800230493 
0.0625312656328164 0.008995598190590893 
0.06303151575787894 0.008995598387074064 
0.06353176588294146 0.008995598592100817 
0.064032016008004 0.008995598806031247 
0.06453226613306653 0.008995599029240579 
0.06503251625812906 0.008995599262119264 
0.0655327663831916 0.008995599505073722 
0.06603301650825412 0.008995599758526873 
0.06653326663331666 0.00899560002291905 
0.06703351675837918 0.008995600298708209 
0.06753376688344172 0.008995600586371133 
0.06803401700850424 0.00899560088640376 
0.06853426713356678 0.008995601199322334 
0.06903451725862932 0.008995601525663787 
0.06953476738369184 0.00899560186598674 
0.07003501750875438 0.008995602220872218 
0.0705352676338169 0.008995602590924941 
0.07103551775887944 0.008995602976773421 
0.07153576788394196 0.008995603379071732 
0.0720360180090045 0.008995603798499941 
0.07253626813406702 0.008995604235765287 
0.07303651825912956 0.008995604691603409 
0.0735367683841921 0.008995605166778789 
0.07403701850925462 0.008995605662086813 
0.07453726863431716 0.008995606178354137 
0.07503751875937968 0.008995606716440063 
0.07553776888444222 0.008995607277238388 
0.07603801900950474 0.008995607861677458 
0.07653826913456728 0.008995608470723036 
0.0770385192596298 0.008995609105378315 
0.07753876938469234 0.008995609766686246 
0.07803901950975488 0.008995610455730657 
0.0785392696348174 0.008995611173637822 
0.07903951975987994 0.008995611921578188 
0.07953976988494246 0.008995612700767807 
0.080040020010005 0.00899561351247059 
0.08054027013506752 0.00899561435799936 
0.08104052026013006 0.00899561523871801 
0.08154077038519258 0.00899561615604381 
0.08204102051025512 0.008995617111448952 
0.08254127063531766 0.008995618106462372 
0.08304152076038018 0.008995619142672657 
0.08354177088544272 0.008995620221729372 
0.08404202101050524 0.00899562134534628 
0.08454227113556778 0.008995622515302847 
0.0850425212606303 0.008995623733447136 
0.08554277138569284 0.008995625001698242 
0.08604302151075537 0.008995626322048995 
0.0865432716358179 0.008995627696568592 
0.08704352176088044 0.008995629127405466 
0.08754377188594296 0.008995630616790156 
0.0880440220110055 0.008995632167038171 
0.08854427213606803 0.00899563378055361 
0.08904452226113056 0.00899563545983179 
0.08954477238619309 0.008995637207462843 
0.09004502251125562 0.008995639026135392 
0.09054527263631815 0.008995640918639598 
0.09104552276138068 0.008995642887871648 
0.09154577288644322 0.008995644936836343 
0.09204602301150575 0.008995647068652525 
0.09254627313656828 0.00899564928655615 
0.0930465232616308 0.008995651593904853 
0.09354677338669334 0.008995653994182121 
0.09404702351175587 0.008995656491002339 
0.0945472736368184 0.008995659088115001 
0.09504752376188093 0.008995661789409389 
0.09554777388694347 0.008995664598920221 
0.09604802401200599 0.008995667520832296 
0.09654827413706853 0.008995670559485943 
0.09704852426213106 0.008995673719382927 
0.09754877438719359 0.00899567700519139 
0.09804902451225612 0.008995680421752639 
0.09854927463731865 0.008995683974086632 
0.09904952476238119 0.008995687667398642 
0.09954977488744371 0.008995691507085478 
0.10005002501250625 0.008995695498742391 
0.10055027513756877 0.008995699648170418 
0.10105052526263131 0.008995703961382764 
0.10155077538769385 0.00899570844461298 
0.10205102551275637 0.008995713104322258 
0.1025512756378189 0.008995717947207544 
0.10305152576288143 0.008995722980209652 
0.10355177588794397 0.008995728210521966 
0.10405202601300649 0.008995733645598913 
0.10455227613806903 0.008995739293165137 
0.10505252626313155 0.008995745161224809 
0.10555277638819409 0.008995751258071455 
0.10605302651325663 0.008995757592297761 
0.10655327663831915 0.00899576417280579 
0.10705352676338169 0.008995771008817923 
0.10755377688844421 0.008995778109887534 
0.10805402701350675 0.0089957854859106 
0.10855427713856927 0.008995793147137082 
0.10905452726363181 0.008995801104183163 
0.10955477738869433 0.008995809368043771 
0.11005502751375687 0.008995817950105742 
0.11055527763881941 0.008995826862160319 
0.11105552776388193 0.008995836116417629 
0.11155577788894447 0.008995845725520583 
0.11205602801400699 0.008995855702559098 
0.11255627813906953 0.008995866061085999 
0.11305652826413205 0.00899587681513164 
0.11355677838919459 0.008995887979220747 
0.11405702851425711 0.008995899568388213 
0.11455727863931965 0.008995911598197086 
0.11505752876438219 0.008995924084755169 
0.11555777888944471 0.008995937044734116 
0.11605802901450725 0.008995950495387203 
0.11655827913956977 0.008995964454569612 
0.11705852926463231 0.008995978940757899 
0.11755877938969483 0.008995993973070241 
0.11805902951475737 0.00899600957128815 
0.1185592796398199 0.008996025755878215 
0.11905952976488243 0.008996042548014152 
0.11955977988994497 0.008996059969600814 
0.1200600300150075 0.00899607804329741 
0.12056028014007003 0.00899609679254253 
0.12106053026513255 0.008996116241579255 
0.12156078039019509 0.008996136415482 
0.12206103051525762 0.008996157340183025 
0.12256128064032015 0.008996179042500146 
0.12306153076538268 0.008996201550165908 
0.12356178089044521 0.008996224891856681 
0.12406203101550775 0.008996249097223382 
0.12456228114057027 0.008996274196922715 
0.1250625312656328 0.008996300222649658 
0.12556278139069535 0.008996327207170654 
0.12606303151575787 0.008996355184357653 
0.1265632816408204 0.008996384189223995 
0.12706353176588292 0.008996414257960344 
0.12756378189094547 0.008996445427972347 
0.128064032016008 0.008996477737918939 
0.12856428214107052 0.008996511227752758 
0.12906453226613307 0.008996545938760269 
0.1295647823911956 0.00899658191360439 
0.13006503251625812 0.008996619196367678 
0.13056528264132064 0.008996657832596906 
0.1310655327663832 0.008996697869349332 
0.13156578289144572 0.008996739355239642 
0.13206603301650824 0.008996782340489057 
0.13256628314157076 0.008996826876974751 
0.1330665332666333 0.008996873018282454 
0.13356678339169584 0.008996920819758511 
0.13406703351675836 0.008996970338565101 
0.1345672836418209 0.008997021633736347 
0.13506753376688344 0.008997074766235952 
0.13556778389194596 0.008997129799016757 
0.13606803401700848 0.008997186797082135 
0.13656828414207103 0.008997245827548503 
0.13706853426713356 0.008997306959710615 
0.13756878439219608 0.008997370265107234 
0.13806903451725863 0.008997435817590943 
0.13856928464232116 0.008997503693397498 
0.13906953476738368 0.008997573971218522 
0.1395697848924462 0.00899764673227602 
0.14007003501750875 0.00899772206039883 
0.14057028514257128 0.008997800042101782 
0.1410705352676338 0.008997880766665845 
0.14157078539269632 0.00899796432622184 
0.14207103551775888 0.008998050815835733 
0.1425712856428214 0.00899814033359658 
0.14307153576788392 0.008998232980706808 
0.14357178589294647 0.0089983288615749 
0.144072036018009 0.008998428083910765 
0.14457228614307152 0.008998530758824055 
0.14507253626813404 0.008998637000924502 
0.1455727863931966 0.008998746928425214 
0.14607303651825912 0.008998860663249645 
0.14657328664332164 0.00899897833113991 
0.1470735367683842 0.008999100061769313 
0.14757378689344672 0.008999225988857334 
0.14807403701850924 0.008999356250288684 
0.14857428714357176 0.008999490988233182 
0.14907453726863432 0.008999630349272392 
0.14957478739369684 0.008999774484526083 
0.15007503751875936 0.00899992354978465 
0.1505752876438219 0.009000077705644226 
0.15107553776888444 0.00900023711764448 
0.15157578789394696 0.009000401956411651 
0.15207603801900949 0.009000572397804338 
0.15257628814407204 0.009000748623063456 
0.15307653826913456 0.009000930818966303 
0.15357678839419708 0.009001119177983949 
0.1540770385192596 0.009001313898443724 
0.15457728864432216 0.009001515184695566 
0.15507753876938468 0.009001723247282108 
0.1555777888944472 0.009001938303114295 
0.15607803901950976 0.009002160575650828 
0.15657828914457228 0.009002390295081743 
0.1570785392696348 0.009002627698518461 
0.15757878939469733 0.009002873030186709 
0.15807903951975988 0.009003126541625632 
0.1585792896448224 0.009003388491891754 
0.15907953976988493 0.009003659147767847 
0.15957978989494745 0.009003938783976909 
0.16008004002001 0.009004227683403119 
0.16058029014507252 0.009004526137315646 
0.16108054027013505 0.009004834445600813 
0.1615807903951976 0.009005152916998346 
0.16208104052026012 0.009005481869344202 
0.16258129064532265 0.009005821629819116 
0.16308154077038517 0.009006172535204093 
0.16358179089544772 0.009006534932141324 
0.16408204102051024 0.009006909177401896 
0.16458229114557277 0.009007295638160263 
0.16508254127063532 0.009007694692275489 
0.16558279139569784 0.009008106728578684 
0.16608304152076037 0.009008532147168685 
0.1665832916458229 0.009008971359713881 
0.16708354177088544 0.009009424789761664 
0.16758379189594796 0.009009892873055692 
0.1680840420210105 0.009010376057860522 
0.168584292146073 0.009010874805294089 
0.16908454227113556 0.00901138958966798 
0.1695847923961981 0.009011920898836361 
0.1700850425212606 0.009012469234552513 
0.17058529264632316 0.009013035112834557 
0.17108554277138568 0.009013619064339198 
0.1715857928964482 0.009014221634744891 
0.17208604302151073 0.00901484338514332 
0.17258629314657328 0.00901548489244086 
0.1730865432716358 0.009016146749768639 
0.17358679339669833 0.009016829566902857 
0.17408704352176088 0.00901753397069453 
0.1745872936468234 0.009018260605508375 
0.17508754377188593 0.009019010133674111 
0.17558779389694845 0.00901978323594516 
0.176088044022011 0.009020580611970235 
0.17658829414707353 0.009021402980774737 
0.17708854427213605 0.009022251081252503 
0.17758879439719857 0.009023125672670263 
0.17808904452226113 0.009024027535182088 
0.17858929464732365 0.009024957470355782 
0.17908954477238617 0.009025916301711935 
0.17958979489744872 0.009026904875273616 
0.18009004502251125 0.009027924060129207 
0.18059029514757377 0.009028974749008172 
0.1810905452726363 0.009030057858867983 
0.18159079539769885 0.009031174331495527 
0.18209104552276137 0.009032325134121274 
0.1825912956478239 0.00903351126004616 
0.18309154577288644 0.00903473372928368 
0.18359179589794897 0.009035993589213996 
0.1840920460230115 0.009037291915253693 
0.18459229614807401 0.009038629811539908 
0.18509254627313657 0.009040008411627411 
0.1855927963981991 0.009041428879203603 
0.1860930465232616 0.009042892408815775 
0.18659329664832414 0.009044400226615996 
0.1870935467733867 0.009045953591119918 
0.1875937968984492 0.009047553793983623 
0.18809404702351173 0.009049202160794943 
0.18859429714857429 0.00905090005188227 
0.1890945472736368 0.009052648863140045 
0.18959479739869933 0.009054450026871707 
0.19009504752376186 0.009056305012648943 
0.1905952976488244 0.009058215328189718 
0.19109554777388693 0.009060182520254298 
0.19159579789894945 0.009062208175559066 
0.19209604802401198 0.009064293921708374 
0.19259629814907453 0.009066441428146882 
0.19309654827413705 0.00906865240712987 
0.19359679839919958 0.009070928614713343 
0.19409704852426213 0.0090732718517634 
0.19459729864932465 0.009075683964987018 
0.19509754877438718 0.00907816684798189 
0.1955977988994497 0.009080722442308153 
0.19609804902451225 0.00908335273857942 
0.19659829914957477 0.009086059777577765 
0.1970985492746373 0.009088845651387826 
0.19759879939969985 0.009091712504554398 
0.19809904952476237 0.009094662535262445 
0.1985992996498249 0.009097697996538383 
0.19909954977488742 0.009100821197476324 
0.19959979989994997 0.009104034504486278 
0.2001000500250125 0.009107340342565587 
0.20060030015007502 0.0091107411965965 
0.20110055027513754 0.009114239612665798 
0.2016008004002001 0.009117838199410408 
0.20210105052526262 0.00912153962938735 
0.20260130065032514 0.009125346640469762 
0.2031015507753877 0.009129262037267816 
0.2036018009004502 0.009133288692576338 
0.20410205102551274 0.009137429548848284 
0.20460230115057526 0.009141687619695749 
0.2051025512756378 0.009146065991416671 
0.20560280140070034 0.009150567824550742 
0.20610305152576286 0.009155196355461815 
0.2066033016508254 0.009159954897948672 
0.20710355177588793 0.009164846844885027 
0.20760380190095046 0.009169875669886569 
0.20810405202601298 0.009175044929010171 
0.20860430215107553 0.009180358262479716 
0.20910455227613806 0.009185819396442982 
0.20960480240120058 0.009191432144759353 
0.2101050525262631 0.009197200410816937 
0.21060530265132565 0.009203128189381847 
0.21110555277638818 0.009209219568477997 
0.2116058029014507 0.009215478731298396 
0.21210605302651325 0.009221909958148807 
0.21260630315157578 0.009228517628424466 
0.2131065532766383 0.009235306222617734 
0.21360680340170082 0.009242280324360502 
0.21410705352676337 0.009249444622498482 
0.2146073036518259 0.0092568039132011 
0.21510755377688842 0.00926436310210284 
0.21560780390195097 0.00927212720648198 
0.2161080540270135 0.009280101357471267 
0.21660830415207602 0.009288290802305423 
0.21710855427713854 0.009296700906603707 
0.2176088044022011 0.00930533715668756 
0.21810905452726362 0.009314205161934664 
0.21860930465232614 0.009323310657170177 
0.21910955477738867 0.00933265950509221 
0.21960980490245122 0.009342257698737495 
0.22011005502751374 0.009352111363982061 
0.22061030515257626 0.009362226762080171 
0.22111055527763882 0.00937261029224082 
0.22161080540270134 0.009383268494243164 
0.22211105552776386 0.00939420805108939 
0.22261130565282639 0.009405435791697822 
0.22311155577788894 0.009416958693632755 
0.22361180590295146 0.009428783885875869 
0.22411205602801398 0.00944091865163566 
0.22461230615307654 0.009453370431197707 
0.22511255627813906 0.009466146824813832 
0.22561280640320158 0.009479255595632464 
0.2261130565282641 0.00949270467266963 
0.22661330665332666 0.009506502153819861 
0.22711355677838918 0.00952065630890843 
0.2276138069034517 0.009535175582785365 
0.22811405702851423 0.009550068598459955 
0.22861430715357678 0.009565344160277245 
0.2291145572786393 0.009581011257136255 
0.22961480740370183 0.009597079065750573 
0.23011505752876438 0.009613556953949519 
0.2306153076538269 0.009630454484023571 
0.23111555777888942 0.009647781416110984 
0.23161580790395195 0.009665547711627075 
0.2321160580290145 0.0096837635367358 
0.23261630815407702 0.009702439265865396 
0.23311655827913955 0.009721585485264644 
0.2336168084042021 0.009741212996605044 
0.23411705852926462 0.009761332820622776 
0.23461730865432714 0.009781956200805497 
0.23511755877938967 0.009803094607122486 
0.23561780890445222 0.009824759739797063 
0.23611805902951474 0.009846963533121917 
0.23661830915457727 0.009869718159318726 
0.2371185592796398 0.009893036032439332 
0.23761880940470234 0.009916929812311707 
0.23811905952976486 0.00994141240852758 
0.2386193096548274 0.009966496984473527 
0.23911955977988994 0.009992196961404687 
0.23961980990495246 0.010018526022561584 
0.240120060030015 0.010045498117330031 
0.2406203101550775 0.010073127465441752 
0.24112056028014006 0.010101428561219997 
0.24162081040520259 0.01013041617786438 
0.2421210605302651 0.010160105371780727 
0.24262131065532766 0.010190511486950228 
0.24312156078039018 0.01022165015934151 
0.2436218109054527 0.010253537321363523 
0.24412206103051523 0.010286189206359526 
0.24462231115557778 0.01031962235314194 
0.2451225612806403 0.010353853610567046 
0.24562281140570283 0.010388900142150834 
0.24612306153076535 0.010424779430722597 
0.2466233116558279 0.010461509283120288 
0.24712356178089043 0.010499107834922843 
0.24762381190595295 0.010537593555221944 
0.2481240620310155 0.010576985251430688 
0.24862431215607803 0.010617302074131437 
0.24912456228114055 0.010658563521959152 
0.24962481240620307 0.010700789446521634 
0.2501250625312656 0.010744000057355757 
0.25062531265632815 0.010788215926919099 
0.2511255627813907 0.010833457995615673 
0.2516258129064532 0.010879747576856197 
0.25212606303151575 0.010927106362151613 
0.2526263131565783 0.010975556426238408 
0.2531265632816408 0.011025120232237501 
0.25362681340670334 0.011075820636842752 
0.25412706353176584 0.011127680895539558 
0.2546273136568284 0.011180724667854896 
0.25512756378189094 0.01123497602263399 
0.25562781390695344 0.011290459443345332 
0.256128064032016 0.011347199833412685 
0.25662831415707854 0.011405222521573664 
0.25712856428214104 0.011464553267260771 
0.2576288144072036 0.011525218266009512 
0.25812906453226614 0.011587244154886904 
0.25862931465732864 0.011650658017942302 
0.2591295647823912 0.01171548739167942 
0.2596298149074537 0.011781760270547 
0.26013006503251623 0.011849505112448052 
0.2606303151575788 0.011918750844266336 
0.2611305652826413 0.011989526867407542 
0.26163081540770383 0.0120618630633565 
0.2621310655327664 0.012135789799246196 
0.2626313156578289 0.01221133793343875 
0.26313156578289143 0.012288538821117165 
0.263631815907954 0.012367424319885658 
0.2641320660330165 0.012448026795376953 
0.26463231615807903 0.012530379126865882 
0.2651325662831415 0.012614514712887322 
0.2656328164082041 0.012700467476856466 
0.2661330665332666 0.012788271872690158 
0.2666333166583291 0.012877962890427804 
0.2671335667833917 0.012969576061849755 
0.2676338169084542 0.01306314746609121 
0.2681340670335167 0.013158713735250661 
0.26863431715857927 0.013256312059990666 
0.2691345672836418 0.013355980195127806 
0.2696348174087043 0.013457756465212582 
0.27013506753376687 0.013561679770094445 
0.2706353176588294 0.013667789590472322 
0.2711355677838919 0.013776125993426142 
0.27163581790895447 0.01388672963793028 
0.27213606803401696 0.013999641780343845 
0.2726363181590795 0.014114904279877247 
0.27313656828414207 0.014232559604032649 
0.27363681840920456 0.014352650834016307 
0.2741370685342671 0.014475221670119658 
0.27463731865932967 0.014600316437066095 
0.27513756878439216 0.014727980089325264 
0.2756378189094547 0.014858258216386193 
0.27613806903451726 0.014991197047991199 
0.27663831915957976 0.015126843459327794 
0.2771385692846423 0.015265244976173709 
0.2776388194097048 0.015406449779994351 
0.27813906953476736 0.015550506712989744 
0.2786393196598299 0.015697465283087304 
0.2791395697848924 0.015847375668880257 
0.27963981990995496 0.016000288724504205 
0.2801400700350175 0.01615625598445527 
0.28064032016008 0.016315329668341406 
0.28114057028514255 0.016477562685566945 
0.2816408204102051 0.016643008639947734 
0.2821410705352676 0.016811721834251295 
0.28264132066033015 0.01698375727466222 
0.28314157078539265 0.017159170675166754 
0.2836418209104552 0.01733801846185652 
0.28414207103551775 0.01752035777714595 
0.28464232116058025 0.017706246483899995 
0.2851425712856428 0.017895743169471904 
0.28564282141070535 0.018088907149644957 
0.28614307153576785 0.018285798472474576 
0.2866433216608304 0.018486477922031216 
0.28714357178589295 0.01869100702203595 
0.28764382191095544 0.018899448039388592 
0.288144072036018 0.019111863987584188 
0.28864432216108055 0.019328318630013736 
0.28914457228614304 0.019548876483146398 
0.2896448224112056 0.019773602819588728 
0.2901450725362681 0.02000256367101967 
0.29064532266133064 0.020235825830994057 
0.2911455727863932 0.020473456857615 
0.2916458229114557 0.020715525076067977 
0.29214607303651824 0.02096209958101574 
0.2926463231615808 0.021213250238849575 
0.2931465732866433 0.02146904768979032 
0.29364682341170584 0.02172956334984163 
0.2941470735367684 0.021994869412584692 
0.2946473236618309 0.022265038850815787 
0.29514757378689344 0.022540145418020456 
0.29564782391195593 0.022820263649680688 
0.2961480740370185 0.02310546886441192 
0.29664832416208103 0.02339583716492532 
0.29714857428714353 0.02369144543881223 
0.2976488244122061 0.023992371359145413 
0.29814907453726863 0.024298693384895424 
0.29864932466233113 0.02461049076115475 
0.2991495747873937 0.024927843519170725 
0.29964982491245623 0.025250832476177685 
0.3001500750375187 0.025579539235028505 
0.3006503251625813 0.02591404618361946 
0.3011505752876438 0.026254436494106168 
0.3016508254127063 0.026600794121903117 
0.3021510755377689 0.0269532038044677 
0.30265132566283137 0.027311751059860848 
0.3031515757878939 0.027676522185080682 
0.3036518259129565 0.02804760425416877 
0.30415207603801897 0.028425085116078243 
0.3046523261630815 0.02880905339230802 
0.3051525762881441 0.02919959847429086 
0.30565282641320657 0.02959681052053903 
0.3061530765382691 0.03000078045353593 
0.30665332666333167 0.03041159995637613 
0.30715357678839417 0.030829361469147044 
0.3076538269134567 0.031254158185047 
0.3081540770385192 0.0316860840462384 
0.30865432716358177 0.032125233739430645 
0.3091545772886443 0.03257170269118952 
0.3096548274137068 0.033025587062967064 
0.31015507753876936 0.033486983745851795 
0.3106553276638319 0.03395599035503247 
0.3111555777888944 0.034432705223972356 
0.31165582791395696 0.03491722739828993 
0.3121560780390195 0.035409656629344505 
0.312656328164082 0.03591009336751891 
0.31315657828914456 0.036418638755199045 
0.31365682841420706 0.03693539461944544 
0.3141570785392696 0.03746046346435289 
0.31465732866433216 0.03799394846309539 
0.31515757878939465 0.038535953449651064 
0.3156578289144572 0.03908658291020711 
0.31615807903951976 0.03964594197423695 
0.31665832916458225 0.04021413640524988 
0.3171585792896448 0.0407912725912076 
0.31765882941470736 0.04137745753460502 
0.31815907953976985 0.04197279884221369 
0.3186593296648324 0.04257740471448049 
0.3191595797898949 0.0431913839345849 
0.31965982991495745 0.043814845857144374 
0.32016008004002 0.044447900396571705 
0.3206603301650825 0.045090658015076716 
0.32116058029014505 0.04574322971031242 
0.3216608304152076 0.04640572700265959 
0.3221610805402701 0.04707826192215203 
0.32266133066533265 0.04776094699503475 
0.3231615807903952 0.048453895229956294 
0.3236618309154577 0.04915722010379048 
0.32416208104052024 0.04987103554708623 
0.32466233116558274 0.05059545592914455 
0.3251625812906453 0.05133059604271683 
0.32566283141570784 0.05207657108832652 
0.32616308154077034 0.05283349665820961 
0.3266633316658329 0.053601488719872505 
0.32716358179089544 0.05438066359926774 
0.32766383191595794 0.05517113796358053 
0.3281640820410205 0.05597302880363244 
0.32866433216608304 0.05678645341589254 
0.32916458229114554 0.05761152938410116 
0.3296648324162081 0.05844837456050096 
0.33016508254127064 0.05929710704667715 
0.33066533266633313 0.06015784517400243 
0.3311655827913957 0.06103070748369045 
0.3316658329164582 0.061915812706452404 
0.33216608304152073 0.06281327974175818 
0.3326663331665833 0.06372322763670465 
0.3331665832916458 0.06464577556448292 
0.33366683341670833 0.06558104280245333 
0.3341670835417709 0.06652914870982263 
0.3346673336668334 0.0674902127049234 
0.33516758379189593 0.06846435424209929 
0.3356678339169585 0.06945169278819407 
0.336168084042021 0.07045234779864461 
0.3366683341670835 0.07146643869317863 
0.337168584292146 0.07249408483112194 
0.3376688344172086 0.07353540548630806 
0.3381690845422711 0.0745905198216007 
0.3386693346673336 0.0756595468630211 
0.3391695847923962 0.07674260547349117 
0.3396698349174587 0.07783981432618535 
0.3401700850425212 0.07895129187749879 
0.34067033516758377 0.08007715633963038 
0.3411705852926463 0.08121752565278591 
0.3416708354177088 0.08237251745699936 
0.34217108554277137 0.08354224906357932 
0.34267133566783387 0.08472683742618019 
0.3431715857928964 0.08592639911150063 
0.34367183591795897 0.0871410502696149 
0.34417208604302146 0.08837090660393769 
0.344672336168084 0.08961608334082694 
0.34517258629314657 0.09087669519882825 
0.34567283641820906 0.09215285635756168 
0.3461730865432716 0.09344468042626132 
0.34667333666833416 0.09475228041196442 
0.34717358679339666 0.0960757686873578 
0.3476738369184592 0.0974152569582866 
0.34817408704352176 0.09877085623092947 
0.34867433716858426 0.10014267677864117 
0.3491745872936468 0.10153082810847466 
0.3496748374187093 0.10293541892738199 
0.35017508754377186 0.10435655710810131 
0.3506753376688344 0.10579434965473666 
0.3511755877938969 0.10724890266803341 
0.35167583791895946 0.10872032131035889 
0.352176088044022 0.11020870977039168 
0.3526763381690845 0.11171417122752661 
0.35317658829414705 0.11323680781600116 
0.3536768384192096 0.11477672058875411 
0.3541770885442721 0.1163340094810151 
0.35467733866933465 0.11790877327364198 
0.35517758879439715 0.11950110955620588 
0.3556778389194597 0.12111111468983338 
0.35617808904452225 0.12273888376981794 
0.35667833916958475 0.12438451058799911 
0.3571785892946473 0.12604808759492878 
0.35767883941970985 0.12772970586182306 
0.35817908954477234 0.12942945504231426 
0.3586793396698349 0.13114742333400853 
0.35917958979489745 0.13288369743986217 
0.35967983991995994 0.13463836252937747 
0.3601800900450225 0.13641150219963682 
0.360680340170085 0.1382031984361795 
0.36118059029514754 0.14001353157372917 
0.3616808404202101 0.1418425802567875 
0.3621810905452726 0.143690421400097 
0.36268134067033514 0.14555713014899024 
0.3631815907953977 0.14744277983962972 
0.3636818409204602 0.14934744195915314 
0.36418209104552274 0.15127118610573237 
0.3646823411705853 0.153214079948559 
0.3651825912956478 0.15517618918776463 
0.36568284142071034 0.15715757751429005 
0.3661830915457729 0.1591583065697157 
0.3666833416708354 0.16117843590605646 
0.36718359179589793 0.16321802294554838 
0.36768384192096043 0.1652771229404203 
0.368184092046023 0.16735578893267958 
0.36868434217108553 0.16945407171391177 
0.36918459229614803 0.17157201978511497 
0.3696848424212106 0.17370967931657327 
0.37018509254627313 0.17586709410779378 
0.3706853426713356 0.17804430554750533 
0.3711855927963982 0.18024135257374438 
0.37168584292146073 0.18245827163403575 
0.3721860930465232 0.18469509664567885 
0.3726863431715858 0.18695185895616268 
0.3731865932966483 0.18922858730370815 
0.3736868434217108 0.1915253077779664 
0.3741870935467734 0.19384204378087783 
0.37468734367183587 0.19617881598770787 
0.3751875937968984 0.1985356423082742 
0.375687843921961 0.20091253784838056 
0.37618809404702347 0.20330951487146764 
0.376688344172086 0.20572658276049868 
0.37718859429714857 0.20816374798009638 
0.37768884442221107 0.21062101403893713 
0.3781890945472736 0.21309838145242738 
0.3786893446723361 0.21559584770567095 
0.37918959479739867 0.2181134072167399 
0.3796898449224612 0.22065105130027535 
0.3801900950475237 0.22320876813141513 
0.38069034517258626 0.2257865427100809 
0.3811905952976488 0.2283843568256293 
0.3816908454227113 0.23100218902188355 
0.38219109554777386 0.23364001456256486 
0.3826913456728364 0.23629780539713616 
0.3831915957978989 0.2389755301270698 
0.38369184592296146 0.2416731539725631 
0.38419209604802396 0.24439063873970773 
0.3846923461730865 0.24712794278813557 
0.38519259629814906 0.24988502099915205 
0.38569284642321155 0.25266182474437243 
0.3861930965482741 0.25545830185488017 
0.38669334667333666 0.2582743965909185 
0.38719359679839915 0.2611100496121317 
0.3876938469234617 0.26396519794837203 
0.38819409704852426 0.2668397749710895 
0.38869434717358675 0.2697337103653132 
0.3891945972986493 0.27264693010224705 
0.38969484742371185 0.27557935641249304 
0.39019509754877435 0.2785309077599093 
0.3906953476738369 0.28150149881613445 
0.3911955977988994 0.28449104043577456 
0.39169584792396195 0.2874994396322802 
0.3921960980490245 0.2905265995545265 
0.392696348174087 0.2935724194641048 
0.39319659829914955 0.29663679471334925 
0.3936968484242121 0.2997196167241073 
0.3941970985492746 0.30282077296726573 
0.39469734867433715 0.30594014694305843 
0.3951975987993997 0.30907761816215723 
0.3956978489244622 0.31223306212756485 
0.39619809904952474 0.315406350317328 
0.39669834917458724 0.3185973501680772 
0.3971985992996498 0.3218059250594122 
0.39769884942471234 0.32503193429914506 
0.39819909954977484 0.32827523310941276 
0.3986993496748374 0.33153567261367556 
0.39919959979989994 0.3348130998246114 
0.39969984992496244 0.3381073576329212 
0.400200100050025 0.3414182847970549 
0.40070035017508754 0.3447457159338758 
0.40120060030015003 0.34808948151026986 
0.4017008504252126 0.3514494078357138 
0.4022011005502751 0.3548253170558189 
0.40270135067533763 0.35821702714685144 
0.4032016008004002 0.36162435191125414 
0.4037018509254627 0.36504710097416715 
0.40420210105052523 0.3684850797809681 
0.4047023511755878 0.3719380895958428 
0.4052026013006503 0.3754059275013851 
0.40570285142571283 0.37888838639925065 
0.4062031015507754 0.38238525501186965 
0.4067033516758379 0.38589631788521916 
0.4072036018009004 0.38942135539267814 
0.407703851925963 0.39296014373996707 
0.4082041020510255 0.3965124549711774 
0.408704352176088 0.4000780569759114 
0.4092046023011505 0.40365671349752213 
0.4097048524262131 0.40724818414248193 
0.4102051025512756 0.41085222439087093 
0.4107053526763381 0.4144685856080001 
0.41120560280140067 0.41809701505717234 
0.4117058529264632 0.4217372559135956 
0.4122061030515257 0.4253890472794395 
0.41270635317658827 0.4290521242000581 
0.4132066033016508 0.43272621768137276 
0.4137068534267133 0.4364110547084223 
0.41420710355177587 0.4401063582650892 
0.41470735367683836 0.4438118473550028 
0.4152076038019009 0.44752723702362274 
0.41570785392696347 0.4512522383815084 
0.41620810405202596 0.4549865586287771 
0.4167083541770885 0.4587299010807518 
0.41720860430215106 0.462481965194805 
0.41770885442721356 0.4662424465983949 
0.4182091045522761 0.4700110371182994 
0.41870935467733866 0.47378742481105135 
0.41920960480240116 0.47757129399456827 
0.4197098549274637 0.48136232528098294 
0.4202101050525262 0.48516019561067714 
0.42071035517758876 0.4889645782875041 
0.4212106053026513 0.49277514301522285 
0.4217108554277138 0.4965915559351152 
0.42221110555277636 0.5004134796648064 
0.4227113556778389 0.5042405733382748 
0.4232116058029014 0.5080724926470522 
0.42371185592796395 0.5119088898826092 
0.4242121060530265 0.515749413979926 
0.424712356178089 0.5195937105622425 
0.42521260630315155 0.5234414219869785 
0.4257128564282141 0.5272921873928321 
0.4262131065532766 0.531145642748032 
0.42671335667833915 0.5350014208997608 
0.42721360680340165 0.5388591516247189 
0.4277138569284642 0.5427184616808424 
0.42821410705352675 0.5465789748601586 
0.42871435717858924 0.5504403120427672 
0.4292146073036518 0.5543020912519515 
0.42971485742871435 0.5581639277104025 
0.43021510755377684 0.5620254338975453 
0.4307153576788394 0.5658862196079643 
0.43121560780390195 0.5697458920109171 
0.43171585792896444 0.5736040557109191 
0.432216108054027 0.5774603128094017 
0.4327163581790895 0.5813142629674135 
0.43321660830415204 0.5851655034693747 
0.4337168584292146 0.5890136292878589 
0.4342171085542771 0.5928582331493867 
0.43471735867933964 0.596698905601234 
0.4352176088044022 0.6005352350792273 
0.4357178589294647 0.6043668079765128 
0.43621810905452724 0.6081932087132975 
0.4367183591795898 0.6120140198075329 
0.4372186093046523 0.6158288219465324 
0.43771885942971483 0.6196371940595113 
0.43821910955477733 0.6234387133910237 
0.4387193596798399 0.6272329555752872 
0.43921960980490243 0.6310194947113785 
0.43971985992996493 0.6347979034392751 
0.4402201100550275 0.6385677530167362 
0.44072036018009003 0.6423286133969991 
0.4412206103051525 0.6460800533072671 
0.4417208604302151 0.6498216403279841 
0.44222111055527763 0.6535529409728625 
0.4427213606803401 0.6572735207696543 
0.4432216108054027 0.6609829443416391 
0.44372186093046523 0.6646807754898163 
0.4442221110555277 0.6683665772757669 
0.4447223611805903 0.6720399121051863 
0.44522261130565277 0.6757003418120405 
0.4457228614307153 0.6793474277433426 
0.4462231115557779 0.6829807308445243 
0.44672336168084037 0.6865998117453697 
0.4472236118059029 0.6902042308465034 
0.44772386193096547 0.6937935484064012 
0.44822411205602797 0.6973673246288954 
0.4487243621810905 0.7009251197511662 
0.44922461230615307 0.7044664941321809 
0.44972486243121557 0.7079910083415605 
0.4502251125562781 0.711498223248856 
0.4507253626813406 0.7149877001131983 
0.45122561280640316 0.7184590006733056 
0.4517258629314657 0.7219116872378216 
0.4522261130565282 0.7253453227759504 
0.45272636318159076 0.7287594710083772 
0.4532266133066533 0.7321536964984355 
0.4537268634317158 0.7355275647435016 
0.45422711355677836 0.7388806422665865 
0.4547273636818409 0.742212496708103 
0.4552276138069034 0.7455226969177757 
0.45572786393196596 0.7488108130466705 
0.45622811405702846 0.7520764166393163 
0.456728364182091 0.7553190807258889 
0.45722861430715356 0.7585383799144342 
0.45772886443221605 0.7617338904830974 
0.4582291145572786 0.7649051904723346 
0.45872936468234116 0.7680518597770822 
0.45922961480740365 0.7711734802388424 
0.4597298649324662 0.7742696357376746 
0.46023011505752875 0.7773399122840561 
0.46073036518259125 0.7803838981105757 
0.4612306153076538 0.7834011837634518 
0.4617308654327163 0.7863913621938242 
0.46223111555777885 0.7893540288488116 
0.4627313656828414 0.7922887817622921 
0.4632316158079039 0.7951952216453819 
0.46373186593296645 0.7980729519765917 
0.464232116058029 0.8009215790916207 
0.4647323661830915 0.8037407122727652 
0.46523261630815405 0.8065299638379168 
0.4657328664332166 0.8092889492291183 
0.4662331165582791 0.8120172871006447 
0.46673336668334164 0.814714599406591 
0.4672336168084042 0.817380511487934 
0.4677338669334667 0.8200146521590336 
0.46823411705852924 0.8226166537935597 
0.46873436718359174 0.8251861524098034 
0.4692346173086543 0.8277227877553527 
0.46973486743371684 0.8302262033911049 
0.47023511755877934 0.8326960467745802 
0.4707353676838419 0.8351319693425248 
0.47123561780890444 0.837533626592759 
0.47173586793396693 0.8399006781652563 
0.4722361180590295 0.8422327879224196 
0.47273636818409204 0.8445296240285337 
0.47323661830915453 0.8467908590283612 
0.4737368684342171 0.849016169924862 
0.4742371185592796 0.8512052382560067 
0.47473736868434213 0.8533577501706594 
0.4752376188094047 0.8554733965035084 
0.4757378689344672 0.8575518728490072 
0.47623811905952973 0.8595928796343216 
0.4767383691845923 0.8615961221912389 
0.4772386193096548 0.8635613108270254 
0.47773886943471733 0.8654881608942073 
0.4782391195597799 0.8673763928592468 
0.4787393696848424 0.8692257323700974 
0.4792396198099049 0.8710359103226112 
0.4797398699349674 0.8728066629257728 
0.48024012006003 0.8745377317657458 
0.4807403701850925 0.8762288638687015 
0.481240620310155 0.8778798117624156 
0.48174087043521757 0.8794903335366077 
0.4822411205602801 0.8810601929020002 
0.4827413706853426 0.8825891592480904 
0.48324162081040517 0.8840770076995923 
0.4837418709354677 0.8855235191715531 
0.4842421210605302 0.8869284804231112 
0.48474237118559277 0.8882916841098778 
0.4852426213106553 0.8896129288349331 
0.4857428714357178 0.8908920191984059 
0.48624312156078037 0.8921287658456369 
0.48674337168584286 0.8933229855138897 
0.4872436218109054 0.8944745010776071 
0.48774387193596797 0.8955831415921954 
0.48824412206103046 0.8966487423363144 
0.488744372186093 0.8976711448526665 
0.48924462231115556 0.8986501969872663 
0.48974487243621806 0.8995857529271759 
0.4902451225612806 0.9004776732366995 
0.49074537268634316 0.9013258248920182 
0.49124562281140566 0.9021300813142527 
0.4917458729364682 0.9028903224009489 
0.4922461230615307 0.9036064345559686 
0.49274637318659326 0.9042783107177774 
0.4932466233116558 0.904905850386122 
0.4937468734367183 0.9054889596470842 
0.49424712356178085 0.9060275511965047 
0.4947473736868434 0.9065215443617685 
0.4952476238119059 0.9069708651219437 
0.49574787393696845 0.9073754461262661 
0.496248124062031 0.9077352267109655 
0.4967483741870935 0.9080501529144258 
0.49724862431215605 0.9083201774906727 
0.49774887443721855 0.9085452599211882 
0.4982491245622811 0.9087253664250425 
0.49874937468734365 0.9088604699673442 
0.49924962481240615 0.908950550266004 
0.4997498749374687 0.908995593796809 
0.5002501250625312 0.9089955937968065 
0.5007503751875938 0.9089505502659967 
0.5012506253126563 0.9088604699673319 
0.5017508754377188 0.9087253664250253 
0.5022511255627814 0.9085452599211667 
0.5027513756878439 0.9083201774906471 
0.5032516258129064 0.9080501529143964 
0.503751875937969 0.9077352267109335 
0.5042521260630315 0.9073754461262313 
0.504752376188094 0.9069708651219069 
0.5052526263131566 0.9065215443617306 
0.5057528764382191 0.9060275511964655 
0.5062531265632816 0.9054889596470451 
0.5067533766883441 0.9049058503860831 
0.5072536268134067 0.9042783107177399 
0.5077538769384692 0.9036064345559326 
0.5082541270635317 0.9028903224009156 
0.5087543771885943 0.9021300813142221 
0.5092546273136568 0.9013258248919904 
0.5097548774387193 0.9004776732366763 
0.5102551275637819 0.8995857529271563 
0.5107553776888444 0.8986501969872516 
0.5112556278139069 0.897671144852657 
0.5117558779389695 0.8966487423363093 
0.512256128064032 0.8955831415921952 
0.5127563781890945 0.894474501077612 
0.5132566283141571 0.8933229855138999 
0.5137568784392196 0.892128765845652 
0.5142571285642821 0.8908920191984251 
0.5147573786893447 0.8896129288349561 
0.5152576288144072 0.8882916841099051 
0.5157578789394697 0.886928480423142 
0.5162581290645323 0.885523519171587 
0.5167583791895948 0.8840770076996279 
0.5172586293146573 0.8825891592481283 
0.5177588794397199 0.8810601929020395 
0.5182591295647824 0.8794903335366467 
0.5187593796898449 0.8778798117624552 
0.5192596298149074 0.8762288638687403 
0.51975987993997 0.8745377317657833 
0.5202601300650325 0.8728066629258082 
0.520760380190095 0.8710359103226444 
0.5212606303151576 0.8692257323701273 
0.5217608804402201 0.8673763928592724 
0.5222611305652826 0.8654881608942293 
0.5227613806903452 0.8635613108270436 
0.5232616308154077 0.8615961221912519 
0.5237618809404702 0.8595928796343301 
0.5242621310655328 0.8575518728490107 
0.5247623811905953 0.8554733965035064 
0.5252626313156578 0.8533577501706533 
0.5257628814407204 0.8512052382559951 
0.5262631315657829 0.8490161699248455 
0.5267633816908454 0.8467908590283405 
0.527263631815908 0.8445296240285091 
0.5277638819409705 0.842232787922391 
0.528264132066033 0.8399006781652246 
0.5287643821910956 0.8375336265927252 
0.5292646323161581 0.8351319693424887 
0.5297648824412206 0.8326960467745423 
0.530265132566283 0.8302262033910661 
0.5307653826913457 0.8277227877553145 
0.5312656328164082 0.8251861524097649 
0.5317658829414706 0.8226166537935227 
0.5322661330665333 0.8200146521589983 
0.5327663831915957 0.8173805114879006 
0.5332666333166582 0.8147145994065608 
0.5337668834417209 0.8120172871006177 
0.5342671335667833 0.809288949229095 
0.5347673836918458 0.8065299638378978 
0.5352676338169085 0.8037407122727508 
0.535767883941971 0.8009215790916107 
0.5362681340670334 0.7980729519765869 
0.536768384192096 0.7951952216453821 
0.5372686343171585 0.792288781762297 
0.537768884442221 0.7893540288488219 
0.5382691345672836 0.7863913621938393 
0.5387693846923461 0.783401183763471 
0.5392696348174086 0.7803838981105998 
0.5397698849424712 0.7773399122840842 
0.5402701350675337 0.7742696357377057 
0.5407703851925962 0.771173480238876 
0.5412706353176588 0.7680518597771188 
0.5417708854427213 0.7649051904723734 
0.5422711355677838 0.7617338904831369 
0.5427713856928463 0.7585383799144745 
0.5432716358179089 0.7553190807259296 
0.5437718859429714 0.7520764166393553 
0.5442721360680339 0.7488108130467084 
0.5447723861930965 0.7455226969178116 
0.545272636318159 0.7422124967081358 
0.5457728864432215 0.7388806422666168 
0.5462731365682841 0.7355275647435285 
0.5467733866933466 0.7321536964984577 
0.5472736368184091 0.728759471008395 
0.5477738869434717 0.7253453227759639 
0.5482741370685342 0.7219116872378297 
0.5487743871935967 0.7184590006733094 
0.5492746373186593 0.7149877001131968 
0.5497748874437218 0.7114982232488489 
0.5502751375687843 0.7079910083415485 
0.5507753876938469 0.7044664941321644 
0.5512756378189094 0.7009251197511449 
0.5517758879439719 0.6973673246288696 
0.5522761380690345 0.6937935484063722 
0.552776388194097 0.690204230846471 
0.5532766383191595 0.6865998117453345 
0.5537768884442221 0.6829807308444871 
0.5542771385692846 0.6793474277433045 
0.5547773886943471 0.6757003418120007 
0.5552776388194096 0.6720399121051467 
0.5557778889444722 0.6683665772757279 
0.5562781390695347 0.6646807754897774 
0.5567783891945972 0.660982944341603 
0.5572786393196598 0.6572735207696202 
0.5577788894447223 0.6535529409728309 
0.5582791395697848 0.6498216403279561 
0.5587793896948474 0.6460800533072437 
0.5592796398199099 0.6423286133969792 
0.5597798899449724 0.6385677530167216 
0.560280140070035 0.6347979034392653 
0.5607803901950975 0.6310194947113735 
0.56128064032016 0.6272329555752881 
0.5617808904452226 0.6234387133910302 
0.5622811405702851 0.6196371940595222 
0.5627813906953476 0.6158288219465486 
0.5632816408204102 0.612014019807554 
0.5637818909454727 0.6081932087133227 
0.5642821410705352 0.6043668079765423 
0.5647823911955978 0.6005352350792604 
0.5652826413206603 0.5966989056012697 
0.5657828914457228 0.592858233149425 
0.5662831415707853 0.5890136292878994 
0.5667833916958479 0.5851655034694173 
0.5672836418209104 0.5813142629674555 
0.5677838919459729 0.5774603128094441 
0.5682841420710355 0.5736040557109615 
0.568784392196098 0.5697458920109568 
0.5692846423211605 0.5658862196080026 
0.5697848924462231 0.5620254338975811 
0.5702851425712856 0.5581639277104344 
0.5707853926963481 0.5543020912519798 
0.5712856428214107 0.550440312042791 
0.5717858929464732 0.5465789748601778 
0.5722861430715357 0.5427184616808572 
0.5727863931965983 0.5388591516247287 
0.5732866433216608 0.5350014208997647 
0.5737868934467233 0.5311456427480308 
0.5742871435717859 0.5272921873928252 
0.5747873936968484 0.5234414219869661 
0.5752876438219109 0.5195937105622251 
0.5757878939469735 0.5157494139799044 
0.576288144072036 0.5119088898825822 
0.5767883941970985 0.5080724926470215 
0.5772886443221611 0.5042405733382411 
0.5777888944472236 0.5004134796647697 
0.5782891445722861 0.49659155593507587 
0.5787893946973486 0.49277514301518194 
0.5792896448224112 0.4889645782874625 
0.5797898949474737 0.48516019561063395 
0.5802901450725362 0.4813623252809411 
0.5807903951975988 0.4775712939945274 
0.5812906453226613 0.4737874248110119 
0.5817908954477238 0.47001103711826264 
0.5822911455727864 0.4662424465983612 
0.5827913956978489 0.4624819651947749 
0.5832916458229114 0.45872990108072587 
0.583791895947974 0.45498655862875576 
0.5842921460730365 0.45125223838149153 
0.584792396198099 0.4475272370236114 
0.5852926463231616 0.443811847354997 
0.5857928964482241 0.44010635826508837 
0.5862931465732866 0.4364110547084271 
0.5867933966983492 0.4327262176813835 
0.5872936468234117 0.4290521242000738 
0.5877938969484742 0.4253890472794606 
0.5882941470735368 0.42173725591362166 
0.5887943971985993 0.4180970150572023 
0.5892946473236618 0.4144685856080344 
0.5897948974487243 0.41085222439090896 
0.5902951475737869 0.40724818414252306 
0.5907953976988494 0.4036567134975646 
0.5912956478239119 0.4000780569759556 
0.5917958979489745 0.39651245497122306 
0.592296148074037 0.3929601437400119 
0.5927963981990995 0.38942135539272266 
0.5932966483241621 0.38589631788526235 
0.5937968984492246 0.38238525501191056 
0.5942971485742871 0.3788883863992892 
0.5947973986993497 0.37540592750142016 
0.5952976488244122 0.37193808959587366 
0.5957978989494747 0.3684850797809949 
0.5962981490745373 0.36504710097418924 
0.5967983991995998 0.36162435191127085 
0.5972986493246623 0.35821702714686277 
0.5977988994497249 0.3548253170558245 
0.5982991495747874 0.3514494078357135 
0.5987993996998499 0.34808948151026364 
0.5992996498249125 0.3447457159338647 
0.599799899949975 0.3414182847970377 
0.6003001500750375 0.338107357632899 
0.6008004002001001 0.33481309982458474 
0.6013006503251626 0.33153567261364364 
0.601800900450225 0.3282752331093774 
0.6023011505752875 0.3250319342991066 
0.6028014007003502 0.3218059250593715 
0.6033016508254126 0.3185973501680339 
0.6038019009504751 0.31540635031728387 
0.6043021510755378 0.31223306212752017 
0.6048024012006002 0.30907761816211227 
0.6053026513256627 0.30594014694301513 
0.6058029014507254 0.30282077296722365 
0.6063031515757878 0.29971961672406733 
0.6068034017008503 0.2966367947133129 
0.607303651825913 0.2935724194640721 
0.6078039019509754 0.2905265995544973 
0.6083041520760379 0.2874994396322563 
0.6088044022011005 0.28449104043575574 
0.609304652326163 0.28150149881612097 
0.6098049024512255 0.27853090775990175 
0.6103051525762881 0.27557935641249093 
0.6108054027013506 0.27264693010225094 
0.6113056528264131 0.26973371036532273 
0.6118059029514757 0.2668397749711052 
0.6123061530765382 0.26396519794839296 
0.6128064032016007 0.2611100496121576 
0.6133066533266633 0.2582743965909493 
0.6138069034517258 0.25545830185491564 
0.6143071535767883 0.2526618247444111 
0.6148074037018508 0.24988502099919419 
0.6153076538269134 0.24712794278818068 
0.6158079039519759 0.24439063873975372 
0.6163081540770384 0.2416731539726104 
0.616808404202101 0.23897553012711759 
0.6173086543271635 0.2362978053971825 
0.617808904452226 0.23364001456261047 
0.6183091545772886 0.23100218902192707 
0.6188094047023511 0.22838435682567 
0.6193096548274136 0.22578654271011853 
0.6198099049524762 0.22320876813144877 
0.6203101550775387 0.22065105130030402 
0.6208104052026012 0.21811340721676373 
0.6213106553276638 0.21559584770568888 
0.6218109054527263 0.21309838145243967 
0.6223111555777888 0.2106210140389435 
0.6228114057028514 0.2081637479800968 
0.6233116558279139 0.20572658276049277 
0.6238119059529764 0.20330951487145565 
0.624312156078039 0.2009125378483629 
0.6248124062031015 0.19853564230825094 
0.625312656328164 0.19617881598767928 
0.6258129064532265 0.1938420437808447 
0.6263131565782891 0.19152530777792917 
0.6268134067033516 0.1892285873036672 
0.6273136568284141 0.18695185895611882 
0.6278139069534767 0.18469509664563324 
0.6283141570785392 0.1824582716339878 
0.6288144072036017 0.18024135257369592 
0.6293146573286643 0.17804430554745718 
0.6298149074537268 0.17586709410774604 
0.6303151575787893 0.17370967931652762 
0.6308154077038519 0.17157201978507156 
0.6313156578289144 0.16945407171387158 
0.6318159079539769 0.16735578893264325 
0.6323161580790395 0.1652771229403885 
0.632816408204102 0.16321802294552124 
0.6333166583291645 0.1611784359060351 
0.6338169084542271 0.15915830656970012 
0.6343171585792896 0.15715757751428042 
0.6348174087043521 0.15517618918776133 
0.6353176588294147 0.15321407994856212 
0.6358179089544772 0.15127118610574186 
0.6363181590795397 0.14934744195916902 
0.6368184092046023 0.14744277983965176 
0.6373186593296648 0.145557130149018 
0.6378189094547273 0.14369042140012975 
0.6383191595797898 0.14184258025682506 
0.6388194097048524 0.14001353157377117 
0.6393196598299149 0.1382031984362247 
0.6398199099549774 0.1364115021996848 
0.64032016008004 0.13463836252942749 
0.6408204102051025 0.1328836974399136 
0.641320660330165 0.13114742333406046 
0.6418209104552276 0.12942945504236567 
0.6423211605802901 0.12772970586187304 
0.6428214107053526 0.12604808759497702 
0.6433216608304152 0.12438451058804448 
0.6438219109554777 0.12273888376985945 
0.6443221610805402 0.12111111468987103 
0.6448224112056028 0.11950110955623838 
0.6453226613306653 0.11790877327366939 
0.6458229114557278 0.11633400948103645 
0.6463231615807904 0.11477672058876943 
0.6468234117058529 0.11323680781600959 
0.6473236618309154 0.11171417122752834 
0.647823911955978 0.11020870977038714 
0.6483241620810405 0.1087203213103472 
0.648824412206103 0.10724890266801544 
0.6493246623311655 0.10579434965471268 
0.6498249124562281 0.10435655710807178 
0.6503251625812906 0.1029354189273468 
0.6508254127063531 0.10153082810843476 
0.6513256628314157 0.10014267677859702 
0.6518259129564782 0.09877085623088172 
0.6523261630815407 0.09741525695823648 
0.6528264132066033 0.09607576868730545 
0.6533266633316658 0.09475228041191104 
0.6538269134567283 0.09344468042620785 
0.6543271635817909 0.092152856357509 
0.6548274137068534 0.09087669519877678 
0.6553276638319159 0.08961608334077849 
0.6558279139569785 0.0883709066038921 
0.656328164082041 0.08714105026957318 
0.6568284142071035 0.08592639911146366 
0.6573286643321661 0.08472683742614873 
0.6578289144572286 0.08354224906355372 
0.6583291645822911 0.08237251745697981 
0.6588294147073537 0.08121752565277326 
0.6593296648324162 0.08007715633962444 
0.6598299149574787 0.07895129187749952 
0.6603301650825413 0.0778398143261935 
0.6608304152076038 0.07674260547350613 
0.6613306653326663 0.07565954686304262 
0.6618309154577288 0.07459051982162883 
0.6623311655827914 0.07353540548634258 
0.6628314157078539 0.0724940848311613 
0.6633316658329164 0.07146643869322283 
0.663831915957979 0.07045234779869314 
0.6643321660830415 0.06945169278824587 
0.664832416208104 0.06846435424215382 
0.6653326663331666 0.06749021270497954 
0.6658329164582291 0.06652914870987958 
0.6663331665832916 0.06558104280251045 
0.6668334167083542 0.06464577556453885 
0.6673336668334167 0.06372322763675849 
0.6678339169584792 0.06281327974180922 
0.6683341670835418 0.06191581270649968 
0.6688344172086043 0.061030707483733286 
0.6693346673336668 0.060157845174040506 
0.6698349174587294 0.05929710704670927 
0.6703351675837919 0.0584483745605268 
0.6708354177088544 0.057611529384120376 
0.671335667833917 0.056786453415904624 
0.6718359179589795 0.05597302880363695 
0.672336168084042 0.0551711379635779 
0.6728364182091046 0.05438066359925766 
0.673336668334167 0.053601488719855275 
0.6738369184592296 0.052833496658185326 
0.674337168584292 0.05207657108829575 
0.6748374187093547 0.05133059604268005 
0.6753376688344171 0.05059545592910192 
0.6758379189594796 0.049871035547038874 
0.6763381690845423 0.04915722010373896 
0.6768384192096047 0.04845389522990124 
0.6773386693346672 0.04776094699497754 
0.6778389194597298 0.04707826192209342 
0.6783391695847923 0.04640572700260009 
0.6788394197098548 0.045743229710253304 
0.6793396698349174 0.04509065801501935 
0.6798399199599799 0.04444790039651634 
0.6803401700850424 0.043814845857092215 
0.680840420210105 0.04319138393453669 
0.6813406703351675 0.04257740471443715 
0.68184092046023 0.04197279884217592 
0.6823411705852926 0.04137745753457358 
0.6828414207103551 0.04079127259118244 
0.6833416708354176 0.04021413640523221 
0.6838419209604802 0.03964594197422667 
0.6843421710855427 0.0390865829102045 
0.6848424212106052 0.03853595344965623 
0.6853426713356677 0.03799394846310849 
0.6858429214607303 0.037460463464373546 
0.6863431715857928 0.03693539461947324 
0.6868434217108553 0.03641863875523379 
0.6873436718359179 0.03591009336755971 
0.6878439219609804 0.03540965662939124 
0.6883441720860429 0.03491722739834134 
0.6888444222111055 0.034432705224027804 
0.689344672336168 0.03395599035509126 
0.6898449224612305 0.033486983745912774 
0.6903451725862931 0.03302558706302956 
0.6908454227113556 0.03257170269125221 
0.6913456728364181 0.032125233739492796 
0.6918459229614807 0.03168608404629868 
0.6923461730865432 0.03125415818510455 
0.6928464232116057 0.030829361469201077 
0.6933466733366683 0.030411599956425582 
0.6938469234617308 0.03000078045357999 
0.6943471735867933 0.02959681052057721 
0.6948474237118559 0.029199598474322328 
0.6953476738369184 0.028809053392332053 
0.6958479239619809 0.028425085116094834 
0.6963481740870435 0.028047604254177228 
0.696848424212106 0.027676522185081275 
0.6973486743371685 0.02731175105985312 
0.697848924462231 0.026953203804451972 
0.6983491745872936 0.02660079412187935 
0.6988494247123561 0.026254436494074773 
0.6993496748374186 0.02591404618358135 
0.6998499249624812 0.025579539234983763 
0.7003501750875437 0.025250832476127312 
0.7008504252126062 0.02492784351911542 
0.7013506753376688 0.024610490761095453 
0.7018509254627313 0.024298693384833023 
0.7023511755877938 0.023992371359080795 
0.7028514257128564 0.023691445438746583 
0.7033516758379189 0.023395837164859414 
0.7038519259629814 0.023105468864346917 
0.704352176088044 0.02282026364961798 
0.7048524262131065 0.022540145417960997 
0.705352676338169 0.022265038850760144 
0.7058529264632316 0.02199486941253438 
0.7063531765882941 0.021729563349796914 
0.7068534267133566 0.021469047689752278 
0.7073536768384192 0.0212132502388188 
0.7078539269634817 0.02096209958099278 
0.7083541770885442 0.020715525076053114 
0.7088544272136067 0.020473456857608586 
0.7093546773386693 0.020235825830996486 
0.7098549274637318 0.020002563671030496 
0.7103551775887943 0.01977360281960783 
0.7108554277138569 0.01954887648317389 
0.7113556778389194 0.019328318630048837 
0.7118559279639819 0.019111863987626928 
0.7123561780890445 0.01889944803943763 
0.712856428214107 0.01869100702209087 
0.7133566783391695 0.01848647792209141 
0.7138569284642321 0.018285798472538726 
0.7143571785892946 0.018088907149711928 
0.7148574287143571 0.017895743169540883 
0.7153576788394197 0.01770624648396987 
0.7158579289644822 0.017520357777215504 
0.7163581790895447 0.01733801846192492 
0.7168584292146073 0.0171591706752325 
0.7173586793396698 0.01698375727472431 
0.7178589294647323 0.016811721834309 
0.7183591795897949 0.016643008639999908 
0.7188594297148574 0.016477562685612478 
0.7193596798399199 0.01631532966837964 
0.7198599299649825 0.016156255984485824 
0.720360180090045 0.01600028872452642 
0.7208604302151075 0.015847375668893604 
0.72136068034017 0.01569746528309171 
0.7218609304652326 0.01555050671298516 
0.7223611805902951 0.015406449779980656 
0.7228614307153576 0.015265244976151145 
0.7233616808404202 0.01512684345929647 
0.7238619309654827 0.014991197047951783 
0.7243621810905452 0.014858258216339276 
0.7248624312156078 0.014727980089271512 
0.7253626813406703 0.01460031643700624 
0.7258629314657328 0.014475221670054758 
0.7263631815907954 0.01435265083394729 
0.7268634317158579 0.014232559603960842 
0.7273636818409204 0.014114904279803704 
0.727863931965983 0.013999641780269655 
0.7283641820910455 0.013886729637856692 
0.728864432216108 0.013776125993354421 
0.7293646823411706 0.013667789590403559 
0.7298649324662331 0.013561679770029682 
0.7303651825912956 0.013457756465153039 
0.7308654327163582 0.013355980195074144 
0.7313656828414207 0.013256312059944332 
0.7318659329664832 0.0131587137352121 
0.7323661830915458 0.013063147466061072 
0.7328664332166083 0.012969576061828487 
0.7333666833416708 0.012877962890415973 
0.7338669334667333 0.012788271872688129 
0.7343671835917959 0.012700467476863821 
0.7348674337168584 0.012614514712904456 
0.7353676838419209 0.012530379126892656 
0.7358679339669835 0.012448026795412587 
0.736368184092046 0.01236742431992984 
0.7368684342171085 0.012288538821169117 
0.7373686843421711 0.012211337933497669 
0.7378689344672336 0.012135789799311271 
0.7383691845922961 0.012061863063426619 
0.7388694347173587 0.011989526867481554 
0.7393696848424212 0.011918750844343276 
0.7398699349674837 0.011849505112526835 
0.7403701850925463 0.01178176027062588 
0.7408704352176088 0.011715487391757472 
0.7413706853426713 0.011650658018017963 
0.7418709354677339 0.011587244154959243 
0.7423711855927964 0.011525218266077285 
0.7428714357178589 0.011464553267322864 
0.7433716858429215 0.011405222521628552 
0.743871935967984 0.011347199833460248 
0.7443721860930465 0.011290459443384568 
0.744872436218109 0.01123497602266418 
0.7453726863431716 0.011180724667875248 
0.745872936468234 0.011127680895549488 
0.7463731865932965 0.011075820636842563 
0.7468734367183592 0.01102512023222703 
0.7473736868434216 0.010975556426217795 
0.7478739369684841 0.010927106362120867 
0.7483741870935467 0.010879747576815915 
0.7488744372186092 0.010833457995566552 
0.7493746873436717 0.010788215926862094 
0.7498749374687343 0.01074400005729159 
0.7503751875937968 0.010700789446450839 
0.7508754377188593 0.010658563521883097 
0.751375687843922 0.010617302074051442 
0.7518759379689844 0.010576985251347997 
0.7523761880940469 0.010537593555137842 
0.7528764382191095 0.010499107834838753 
0.753376688344172 0.010461509283037537 
0.7538769384692345 0.010424779430642246 
0.7543771885942971 0.010388900142074735 
0.7548774387193596 0.010353853610495817 
0.7553776888444221 0.010319622353077346 
0.7558779389694847 0.010286189206302096 
0.7563781890945472 0.010253537321314688 
0.7568784392196097 0.010221650159301847 
0.7573786893446722 0.01019051148692046 
0.7578789394697348 0.010160105371761392 
0.7583791895947973 0.010130416177855848 
0.7588794397198598 0.01010142856122231 
0.7593796898449224 0.010073127465455559 
0.7598799399699849 0.010045498117354397 
0.7603801900950474 0.010018526022596733 
0.76088044022011 0.009992196961449663 
0.7613806903451725 0.009966496984527893 
0.761880940470235 0.009941412408590679 
0.7623811905952976 0.009916929812382368 
0.7628814407203601 0.0098930360325165 
0.7633816908454226 0.009869718159400798 
0.7638819409704852 0.009846963533208112 
0.7643821910955477 0.009824759739885933 
0.7648824412206102 0.00980309460721287 
0.7653826913456728 0.009781956200895732 
0.7658829414707353 0.00976133282071107 
0.7663831915957978 0.009741212996690311 
0.7668834417208604 0.009721585485345394 
0.7673836918459229 0.009702439265940195 
0.7678839419709854 0.009683763536803633 
0.7683841920960479 0.009665547711686451 
0.7688844422211105 0.00964778141616132 
0.769384692346173 0.009630454484064035 
0.7698849424712355 0.009613556953979202 
0.7703851925962981 0.009597079065768772 
0.7708854427213606 0.009581011257143118 
0.7713856928464231 0.009565344160272169 
0.7718859429714857 0.009550068598443243 
0.7723861930965482 0.00953517558275681 
0.7728864432216107 0.009520656308868702 
0.7733866933466733 0.009506502153769511 
0.7738869434717358 0.009492704672609638 
0.7743871935967983 0.009479255595563545 
0.7748874437218609 0.009466146824736952 
0.7753876938469234 0.009453370431114182 
0.7758879439719859 0.009440918651546535 
0.7763881940970485 0.009428783885783052 
0.776888444222111 0.009416958693537175 
0.7773886943471735 0.009405435791601283 
0.7778889444722361 0.009394208050993842 
0.7783891945972986 0.00938326849414952 
0.7788894447223611 0.009372610292150483 
0.7793896948474237 0.009362226761995258 
0.7798899449724862 0.009352111363903598 
0.7803901950975487 0.009342257698666931 
0.7808904452226112 0.00933265950503053 
0.7813906953476738 0.009323310657118397 
0.7818909454727363 0.009314205161894209 
0.7823911955977988 0.00930533715665875 
0.7828914457228614 0.009296700906587184 
0.7833916958479239 0.0092882908023012 
0.7838919459729864 0.009280101357479387 
0.784392196098049 0.009272127206502969 
0.7848924462231115 0.009264363102136308 
0.785392696348174 0.009256803913246438 
0.7858929464732366 0.009249444622554665 
0.7863931965982991 0.009242280324427178 
0.7868934467233616 0.009235306222694067 
0.7873936968484242 0.009228517628508986 
0.7878939469734867 0.009221909958240074 
0.7883941970985492 0.009215478731394881 
0.7888944472236118 0.009209219568578628 
0.7893946973486743 0.009203128189484988 
0.7898949474737368 0.009197200410920703 
0.7903951975987994 0.009191432144862066 
0.7908954477238619 0.009185819396543234 
0.7913956978489244 0.00918035826257554 
0.791895947973987 0.009175044929100639 
0.7923961980990495 0.009169875669969572 
0.792896448224112 0.009164846844958866 
0.7933966983491745 0.009159954898012988 
0.7938969484742371 0.009155196355514993 
0.7943971985992996 0.009150567824591846 
0.7948974487243621 0.009146065991445301 
0.7953976988494247 0.009141687619711044 
0.7958979489744872 0.009137429548850084 
0.7963981990995497 0.009133288692564568 
0.7968984492246123 0.009129262037242122 
0.7973986993496748 0.009125346640430963 
0.7978989494747373 0.009121539629336053 
0.7983991995997999 0.009117838199347115 
0.7988994497248624 0.009114239612591304 
0.7993996998499249 0.009110741196512406 
0.7998999499749875 0.009107340342472915 
0.80040020010005 0.009104034504386599 
0.8009004502251125 0.009100821197371172 
0.8014007003501751 0.009097697996428991 
0.8019009504752376 0.009094662535150927 
0.8024012006003001 0.009091712504442571 
0.8029014507253627 0.009088845651277445 
0.8034017008504252 0.00908605977747055 
0.8039019509754877 0.009083352738477005 
0.8044022011005502 0.009080722442212346 
0.8049024512256128 0.00907816684789452 
0.8054027013506753 0.009075683964909301 
0.8059029514757378 0.009073271851696391 
0.8064032016008004 0.009070928614658701 
0.8069034517258629 0.00906865240708851 
0.8074037018509254 0.009066441428119376 
0.807903951975988 0.009064293921695301 
0.8084042021010505 0.009062208175560497 
0.808904452226113 0.009060182520270589 
0.8094047023511756 0.009058215328220683 
0.8099049524762381 0.009056305012694128 
0.8104052026013006 0.009054450026930345 
0.8109054527263632 0.009052648863211417 
0.8114057028514257 0.009050900051965299 
0.8119059529764882 0.009049202160888545 
0.8124062031015508 0.009047553794086392 
0.8129064532266133 0.009045953591229887 
0.8134067033516758 0.009044400226732042 
0.8139069534767384 0.009042892408935438 
0.8144072036018009 0.009041428879325396 
0.8149074537268634 0.009040008411749102 
0.815407703851926 0.009038629811659477 
0.8159079539769885 0.00903729191536961 
0.816408204102051 0.009035993589324248 
0.8169084542271134 0.009034733729386174 
0.817408704352176 0.009033511260139767 
0.8179089544772385 0.009032325134204055 
0.818409204602301 0.009031174331565738 
0.8189094547273637 0.009030057858925139 
0.8194097048524261 0.009028974749050676 
0.8199099549774886 0.009027924060156406 
0.8204102051025512 0.009026904875285277 
0.8209104552276137 0.009025916301707496 
0.8214107053526762 0.00902495747033511 
0.8219109554777388 0.009024027535145564 
0.8224112056028013 0.009023125672618437 
0.8229114557278638 0.009022251081186055 
0.8234117058529264 0.009021402980694582 
0.8239119559779889 0.00902058061187744 
0.8244122061030514 0.009019783235841374 
0.824912456228114 0.009019010133560643 
0.8254127063531765 0.00901826060538715 
0.825912956478239 0.009017533970567452 
0.8264132066033016 0.00901682956677186 
0.8269134567283641 0.009016146749635698 
0.8274137068534266 0.009015484892308545 
0.8279139569784892 0.009014843385013644 
0.8284142071035517 0.00901422163461928 
0.8289144572286142 0.009013619064220336 
0.8294147073536767 0.00901303511272451 
0.8299149574787393 0.009012469234452529 
0.8304152076038018 0.009011920898748435 
0.8309154577288643 0.009011389589593794 
0.8314157078539269 0.009010874805234487 
0.8319159579789894 0.009010376057817038 
0.8324162081040519 0.009009892873029033 
0.8329164582291145 0.009009424789751991 
0.833416708354177 0.009008971359721948 
0.8339169584792395 0.009008532147194541 
0.8344172086043021 0.009008106728622194 
0.8349174587293646 0.009007694692335231 
0.8354177088544271 0.00900729563823588 
0.8359179589794897 0.009006909177492485 
0.8364182091045522 0.009006534932245396 
0.8369184592296147 0.009006172535319957 
0.8374187093546773 0.009005821629945145 
0.8379189594797398 0.009005481869478391 
0.8384192096048023 0.009005152917138725 
0.8389194597298649 0.009004834445745298 
0.8394197098549274 0.009004526137461482 
0.8399199599799899 0.009004227683548076 
0.8404202101050524 0.009003938784118978 
0.840920460230115 0.009003659147904628 
0.8414207103551775 0.009003388492020648 
0.84192096048024 0.009003126541745015 
0.8424212106053026 0.009002873030294461 
0.8429214607303651 0.009002627698612879 
0.8434217108554276 0.00900239029516086 
0.8439219609804902 0.009002160575713273 
0.8444222111055527 0.009001938303159448 
0.8449224612306152 0.009001723247308475 
0.8454227113556778 0.009001515184702784 
0.8459229614807403 0.009001313898431763 
0.8464232116058028 0.009001119177952328 
0.8469234617308654 0.009000930818915783 
0.8474237118559279 0.009000748622994886 
0.8479239619809904 0.009000572397718308 
0.848424212106053 0.00900040195630944 
0.8489244622311155 0.009000237117527832 
0.849424712356178 0.009000077705514918 
0.8499249624812406 0.008999923549644323 
0.8504252126063031 0.008999774484376968 
0.8509254627313656 0.00899963034911709 
0.8514257128564282 0.008999490988073747 
0.8519259629814907 0.008999356250127896 
0.8524262131065532 0.008999225988697944 
0.8529264632316157 0.0089991000616135 
0.8534267133566783 0.008998978330990596 
0.8539269634817408 0.008998860663109018 
0.8544272136068033 0.008998746928295762 
0.8549274637318659 0.00899863700080819 
0.8554277138569284 0.008998530758722883 
0.8559279639819909 0.008998428083826874 
0.8564282141070535 0.008998328861509114 
0.856928464232116 0.008998232980661061 
0.8574287143571785 0.008998140333571329 
0.8579289644822411 0.00899805081583166 
0.8584292146073036 0.008997964326238873 
0.8589294647323661 0.008997880766704587 
0.8594297148574287 0.008997800042161214 
0.8599299649824912 0.008997722060478587 
0.8604302151075537 0.00899764673237492 
0.8609304652326163 0.008997573971334863 
0.8614307153576788 0.008997503693529842 
0.8619309654827413 0.008997435817737385 
0.8624312156078039 0.00899737026526507 
0.8629314657328664 0.008997306959877634 
0.8634317158579289 0.00899724582772225 
0.8639319659829914 0.008997186797260087 
0.864432216108054 0.008997129799195737 
0.8649324662331165 0.008997074766413144 
0.865432716358179 0.008997021633909195 
0.8659329664832416 0.008996970338730472 
0.8664332166083041 0.008996920819913785 
0.8669334667333666 0.008996873018425002 
0.8674337168584292 0.008996826877102152 
0.8679339669834917 0.008996782340599065 
0.8684342171085542 0.008996739355330787 
0.8689344672336168 0.008996697869419468 
0.8694347173586793 0.008996657832644911 
0.8699349674837418 0.008996619196392946 
0.8704352176088044 0.008996581913605948 
0.8709354677338669 0.008996545938737888 
0.8714357178589294 0.008996511227706647 
0.871935967983992 0.008996477737849675 
0.8724362181090545 0.008996445427880634 
0.872936468234117 0.008996414257847404 
0.8734367183591796 0.008996384189091778 
0.8739369684842421 0.00899635518420793 
0.8744372186093046 0.008996327207005607 
0.8749374687343672 0.008996300222472066 
0.8754377188594297 0.00899627419673499 
0.8759379689844922 0.008996249097028517 
0.8764382191095547 0.008996224891657982 
0.8769384692346173 0.008996201549966488 
0.8774387193596798 0.008996179042303036 
0.8779389694847423 0.008996157339991259 
0.8784392196098049 0.008996136415299266 
0.8789394697348674 0.008996116241408267 
0.8794397198599299 0.008996096792385552 
0.8799399699849925 0.008996078043158015 
0.880440220110055 0.008996059969481034 
0.8809404702351175 0.008996042547916137 
0.8814407203601801 0.008996025755803912 
0.8819409704852426 0.008996009571239005 
0.882441220610305 0.008995993973046915 
0.8829414707353677 0.00899597894076115 
0.8834417208604302 0.008995964454599992 
0.8839419709854927 0.008995950495443803 
0.8844422211105553 0.008995937044816934 
0.8849424712356178 0.008995924084863114 
0.8854427213606803 0.008995911598328457 
0.8859429714857429 0.008995899568541282 
0.8864432216108054 0.00899588797939294 
0.8869434717358678 0.008995876815321088 
0.8874437218609305 0.008995866061289149 
0.887943971985993 0.00899585570277326 
0.8884442221110554 0.00899584572574214 
0.8889444722361179 0.00899583611664307 
0.8894447223611806 0.008995826862386425 
0.889944972486243 0.008995817950328548 
0.8904452226113055 0.008995809368259756 
0.8909454727363681 0.008995801104388737 
0.8914457228614306 0.008995793147329022 
0.8919459729864931 0.008995785486085787 
0.8924462231115557 0.008995778110042572 
0.8929464732366182 0.008995771008950507 
0.8934467233616807 0.0089957641729133 
0.8939469734867433 0.008995757592378093 
0.8944472236118058 0.008995751258123384 
0.8949474737368683 0.008995745161246868 
0.8954477238619309 0.008995739293156772 
0.8959479739869934 0.008995733645560116 
0.8964482241120559 0.008995728210452678 
0.8969484742371185 0.008995722980111079 
0.897448724362181 0.008995717947080498 
0.8979489744872435 0.008995713104168714 
0.8984492246123061 0.008995708444435093 
0.8989494747373686 0.008995703961183123 
0.8994497248624311 0.008995699647952285 
0.8999499749874936 0.008995695498508632 
0.9004502251125562 0.008995691506839775 
0.9009504752376187 0.008995687667144644 
0.9014507253626812 0.008995683973828926 
0.9019509754877438 0.008995680421494831 
0.9024512256128063 0.008995677004937757 
0.9029514757378688 0.008995673719137745 
0.9034517258629314 0.008995670559253077 
0.9039519759879939 0.008995667520615702 
0.9044522261130564 0.00899566459872376 
0.904952476238119 0.008995661789236189 
0.9054527263631815 0.008995659087968098 
0.905952976488244 0.0089956564908846 
0.9064532266133066 0.00899565399409613 
0.9069534767383691 0.008995651593851852 
0.9074537268634316 0.008995649286537552 
0.9079539769884942 0.008995647068669175 
0.9084542271135567 0.00899564493688813 
0.9089544772386192 0.008995642887958635 
0.9094547273636818 0.008995640918760463 
0.9099549774887443 0.008995639026288665 
0.9104552276138068 0.008995637207646394 
0.9109554777388694 0.008995635460043236 
0.9114557278639319 0.008995633780789958 
0.9119559779889944 0.00899563216729574 
0.9124562281140569 0.008995630617065315 
0.9129564782391195 0.008995629127693637 
0.913456728364182 0.008995627696865623 
0.9139569784892445 0.008995626322350157 
0.9144572286143071 0.008995625001998608 
0.9149574787393696 0.008995623733741923 
0.9154577288644321 0.00899562251558726 
0.9159579789894947 0.008995621345615601 
0.9164582291145572 0.008995620221978988 
0.9169584792396197 0.008995619142898353 
0.9174587293646823 0.008995618106660221 
0.9179589794897448 0.00899561711161539 
0.9184592296148073 0.008995616156175496 
0.9189594797398699 0.008995615238812545 
0.9194597298649324 0.008995614358054611 
0.9199599799899949 0.0089956135124854 
0.9204602301150575 0.008995612700741023 
0.92096048024012 0.008995611921509569 
0.9214607303651825 0.008995611173528258 
0.9219609804902451 0.008995610455581168 
0.9224612306153076 0.008995609766498632 
0.9229614807403701 0.008995609105154961 
0.9234617308654326 0.008995608470467232 
0.9239619809904952 0.008995607861392944 
0.9244622311155577 0.008995607276929194 
0.9249624812406202 0.008995606716110941 
0.9254627313656828 0.008995606178009697 
0.9259629814907453 0.008995605661732768 
0.9264632316158078 0.008995605166420641 
0.9269634817408704 0.00899560469124695 
0.9274637318659329 0.008995604235416246 
0.9279639819909954 0.008995603798163892 
0.928464232116058 0.008995603378754631 
0.9289644822411205 0.008995602976480634 
0.929464732366183 0.00899560259066157 
0.9299649824912456 0.008995602220642916 
0.9304652326163081 0.008995601865795655 
0.9309654827413706 0.008995601525514834 
0.9314657328664332 0.008995601199218717 
0.9319659829914957 0.008995600886347807 
0.9324662331165582 0.008995600586364302 
0.9329664832416208 0.008995600298751629 
0.9334667333666833 0.008995600023012763 
0.9339669834917458 0.008995599758670344 
0.9344672336168084 0.008995599505265477 
0.9349674837418709 0.008995599262356905 
0.9354677338669334 0.008995599029521106 
0.9359679839919959 0.008995598806350872 
0.9364682341170585 0.008995598592455394 
0.936968484242121 0.008995598387458113 
0.9374687343671835 0.0089955981909986 
0.9379689844922461 0.008995598002730209 
0.9384692346173086 0.008995597822320235 
0.9389694847423711 0.008995597649448484 
0.9394697348674337 0.008995597483808853 
0.9399699849924962 0.008995597325105844 
0.9404702351175587 0.008995597173056608 
0.9409704852426213 0.008995597027389682 
0.9414707353676838 0.008995596887844678 
0.9419709854927463 0.008995596754171602 
0.9424712356178089 0.00899559662612925 
0.9429714857428714 0.008995596503487644 
0.9434717358679339 0.00899559638602596 
0.9439719859929965 0.008995596273531475 
0.944472236118059 0.00899559616580061 
0.9449724862431215 0.008995596062637334 
0.9454727363681841 0.008995595963854706 
0.9459729864932466 0.008995595869272054 
0.9464732366183091 0.008995595778717247 
0.9469734867433717 0.008995595692023746 
0.9474737368684342 0.008995595609032438 
0.9479739869934967 0.008995595529590644 
0.9484742371185592 0.008995595453551417 
0.9489744872436218 0.008995595380774572 
0.9494747373686843 0.008995595311123778 
0.9499749874937468 0.008995595244469691 
0.9504752376188094 0.00899559518068752 
0.9509754877438719 0.008995595119657914 
0.9514757378689344 0.008995595061265821 
0.951975987993997 0.008995595005399983 
0.9524762381190595 0.008995594951955087 
0.952976488244122 0.008995594900828668 
0.9534767383691846 0.008995594851923137 
0.9539769884942471 0.008995594805144322 
0.9544772386193096 0.008995594760402075 
0.9549774887443722 0.008995594717609466 
0.9554777388694347 0.008995594676683058 
0.9559779889944972 0.00899559463754244 
0.9564782391195598 0.00899559460011161 
0.9569784892446223 0.008995594564316254 
0.9574787393696848 0.008995594530085263 
0.9579789894947474 0.00899559449735143 
0.9584792396198099 0.00899559446604894 
0.9589794897448723 0.008995594436115525 
0.9594797398699348 0.008995594407491434 
0.9599799899949975 0.008995594380119066 
0.96048024012006 0.008995594353943122 
0.9609804902451224 0.008995594328911312 
0.961480740370185 0.008995594304973265 
0.9619809904952475 0.008995594282080945 
0.96248124062031 0.008995594260188007 
0.9629814907453726 0.00899559423925045 
0.9634817408704351 0.00899559421922678 
0.9639819909954976 0.008995594200077065 
0.9644822411205602 0.008995594181762932 
0.9649824912456227 0.008995594164247896 
0.9654827413706852 0.008995594147496795 
0.9659829914957478 0.008995594131477958 
0.9664832416208103 0.008995594116159595 
0.9669834917458728 0.00899559410151191 
0.9674837418709354 0.008995594087506428 
0.9679839919959979 0.008995594074115905 
0.9684842421210604 0.008995594061315471 
0.968984492246123 0.008995594049080891 
0.9694847423711855 0.008995594037388545 
0.969984992496248 0.00899559402621643 
0.9704852426213106 0.008995594015544048 
0.9709854927463731 0.008995594005351366 
0.9714857428714356 0.00899559399561939 
0.9719859929964981 0.008995593986329762 
0.9724862431215607 0.008995593977465388 
0.9729864932466232 0.008995593969009417 
0.9734867433716857 0.008995593960946478 
0.9739869934967483 0.008995593953260692 
0.9744872436218108 0.00899559394593743 
0.9749874937468733 0.00899559393896213 
0.9754877438719359 0.008995593932321896 
0.9759879939969984 0.008995593926001605 
0.9764882441220609 0.008995593919989766 
0.9769884942471235 0.008995593914272777 
0.977488744372186 0.00899559390883897 
0.9779889944972485 0.008995593903674654 
0.9784892446223111 0.008995593898769024 
0.9789894947473736 0.008995593894109196 
0.9794897448724361 0.008995593889685072 
0.9799899949974987 0.00899559388548349 
0.9804902451225612 0.008995593881493392 
0.9809904952476237 0.00899559387770441 
0.9814907453726863 0.008995593874103992 
0.9819909954977488 0.008995593870682743 
0.9824912456228113 0.008995593867429355 
0.9829914957478738 0.008995593864332033 
0.9834917458729364 0.008995593861380947 
0.9839919959979989 0.008995593858566648 
0.9844922461230614 0.00899559385587831 
0.984992496248124 0.008995593853305776 
0.9854927463731865 0.008995593850839756 
0.985992996498249 0.008995593848470755 
0.9864932466233116 0.008995593846189543 
0.9869934967483741 0.008995593843988198 
0.9874937468734366 0.008995593841856836 
0.9879939969984992 0.008995593839788724 
0.9884942471235617 0.008995593837775238 
0.9889944972486242 0.008995593835810469 
0.9894947473736868 0.008995593833886336 
0.9899949974987493 0.008995593831997016 
0.9904952476238118 0.008995593830136532 
0.9909954977488744 0.008995593828299545 
0.9914957478739369 0.00899559382648103 
0.9919959979989994 0.00899559382467703 
0.992496248124062 0.008995593822882732 
0.9929964982491245 0.00899559382109544 
0.993496748374187 0.008995593819311707 
0.9939969984992496 0.008995593817530073 
0.9944972486243121 0.008995593815746912 
0.9949974987493746 0.008995593813962038 
0.9954977488744371 0.008995593812173677 
0.9959979989994997 0.008995593810380896 
0.9964982491245622 0.008995593808583559 
0.9969984992496247 0.0089955938067819 
0.9974987493746873 0.008995593804975669 
0.9979989994997498 0.008995593803165839 
0.9984992496248123 0.008995593801351898 
0.9989994997498749 0.00899559379953595 
0.9994997498749374 0.008995593797718545 
1.0 0.00899559379680909 
